resources/Input/topIndex.asc
NCOLS 173
NROWS 271
XLLCORNER 370028.416175232
YLLCORNER 7467393.285087761
CELLSIZE 30.055073733610097
NODATA_VALUE -9999
[rows 162 to 188 of 271, columns 0 to 60 of 173]
-9999 -9999 -9999 -9999 -9999 -9999 -9999 -9999 -9999 -9999 -9999 -9999 -9999 -9999 -9999 -9999 -9999 -9999 -9999 -9999 -9999 -9999 -9999 -9999 -9999 -9999 -9999 -9999 -9999 -9999 -9999 -9999 -9999 -9999 -9999 -9999 -9999 -9999 -9999 -9999 1.041554878955182 0.41740056988218827 0.9163917360011761 1.1846557225958554 1.9578456108293372 2.0150040246692855 0.6585626266990763 0.49150854203591 3.257128594959598 1.041554878955182 3.487240815589901 2.719985662876234 1.041554878955182 3.16978658480445 0.9181248399894218 1.7935935773433218 3.603702185239573 4.625073817411292 6.071992800347617 2.245527683281118 2.833314348183237
-9999 -9999 -9999 -9999 -9999 -9999 -9999 -9999 -9999 -9999 -9999 -9999 -9999 -9999 -9999 -9999 -9999 -9999 -9999 -9999 -9999 -9999 -9999 -9999 -9999 -9999 -9999 -9999 -9999 -9999 -9999 -9999 -9999 -9999 -9999 -9999 -9999 -9999 -9999 0.7538728065034012 0.38230925007091804 0.8318343479731131 1.0516562326139445 2.3633107189375013 1.8036949310020787 1.917023616309082 2.081275649795103 2.5969255701190064 1.7347020595151272 3.749605080057392 1.803694931002079 3.508443023240504 2.708151205229231 1.2058069124412027 4.290334684778325 4.213961705993751 4.401560319888549 4.746766236478517 5.1358994411772825 5.215942148850819 2.4503220959271315
-9999 -9999 -9999 -9999 -9999 -9999 -9999 -9999 -9999 -9999 -9999 -9999 -9999 -9999 -9999 -9999 -9999 -9999 -9999 -9999 -9999 -9999 -9999 -9999 -9999 -9999 -9999 -9999 -9999 -9999 -9999 -9999 -9999 -9999 -9999 -9999 -9999 -9999 0.8051661008909515 0.38230925007091804 1.0087650561321913 0.9163917360011761 1.6701635383775562 0.6585626266990763 2.3224887244172465 2.044856987818967 2.4686712345953277 0.8592333221612274 2.9510463660343653 3.413132843436179 3.606504236416719 2.422202236765696 3.713186418081262 4.538062440421663 1.0051362169790519 2.486740757903267 2.768775827045666 1.3235899480975861 1.7935935773433218 5.274833666679013 5.786487007318432
-9999 -9999 -9999 -9999 -9999 -9999 -9999 -9999 -9999 -9999 -9999 -9999 -9999 -9999 -9999 -9999 -9999 -9999 -9999 -9999 -9999 -9999 -9999 -9999 -9999 -9999 -9999 -9999 -9999 -9999 -9999 -9999 -9999 -9999 -9999 -9999 -9999 0.8051661008909515 0.34840769839523666 1.0087650561321913 1.0087650561321913 1.4106013250872163 2.496842111562024 2.391430578098942 2.5557336293902186 3.6653957542449134 4.096178670337368 4.278500227131322 4.263232755000534 4.4804925886001845 3.508443023240504 3.680612208570441 1.041554878955182 1.1846557225958554 4.341301128370352 4.981748761350024 1.6112720205493671 1.8989540930011481 2.199058685451486 7.382713143679383 6.874997942327785
-9999 -9999 -9999 -9999 -9999 -9999 -9999 -9999 -9999 -9999 -9999 -9999 -9999 -9999 -9999 -9999 -9999 -9999 -9999 -9999 -9999 -9999 -9999 -9999 -9999 -9999 -9999 -9999 -9999 -9999 -9999 -9999 -9999 -9999 -9999 -9999 1.3517098072590217 0.3156178755722459 0.9462446991508572 1.1469153946130082 1.6112720205493671 2.250351979839037 3.130565871651169 3.403031489777422 3.0845777586588876 4.607004294103358 4.891108545207255 4.566182299583103 4.191488850141693 4.626806921399538 5.478844192304114 4.037287152509173 4.511745132104289 2.0167371286575313 6.717217494449947 6.320802221861701 6.7062484630793735 6.713574503171447 7.023600204146672 1.8989540930011481 2.199058685451486
-9999 -9999 -9999 -9999 -9999 -9999 -9999 -9999 -9999 -9999 -9999 -9999 -9999 -9999 -9999 -9999 -9999 -9999 -9999 -9999 -9999 -9999 -9999 -9999 -9999 -9999 -9999 -9999 -9999 -9999 -9999 -9999 -9999 -9999 -9999 -9999 0.6141108641282425 0.8592333221612274 1.2646984302693918 2.0167371286575313 2.833314348183237 0.6304427675376408 3.5083920054352484 4.555710999715807 4.491542424786769 1.7935935773433218 2.422202236765696 2.391430578098942 2.3044192011093125 2.6298416015439403 3.8084965978855867 6.111081690879632 6.293403247673587 6.467134025114146 6.384375025879313 6.735235999952626 6.6104129352198875 7.550696524778257 1.4470199870633464 2.7098843092174767 2.719985662876234
-9999 -9999 -9999 -9999 -9999 -9999 -9999 -9999 -9999 -9999 -9999 -9999 -9999 -9999 -9999 -9999 -9999 -9999 -9999 -9999 -9999 -9999 -9999 -9999 -9999 -9999 -9999 -9999 -9999 -9999 -9999 -9999 -9999 -9999 -9999 2.422202236765696 1.6112720205493671 1.8274951290190031 3.035306709652105 3.749605080057392 1.0051362169790519 3.264097264275691 1.2646984302693918 1.3517098072590217 1.2646984302693918 0.8380821323158855 1.698283397538997 2.1037485056471614 2.486740757903267 2.586454270251711 1.0051362169790519 2.3633107189375013 6.228864726536016 7.570973717217408 1.5523805027211726 5.0181164055208995 1.1846557225958554 2.8434157018419937 2.3633107189375013 0.7639741601621637 2.833314348183237
-9999 -9999 -9999 -9999 -9999 -9999 -9999 -9999 -9999 -9999 -9999 -9999 -9999 -9999 -9999 -9999 -9999 -9999 -9999 -9999 -9999 -9999 -9999 -9999 -9999 -9999 -9999 -9999 -9999 -9999 -9999 -9999 -9999 -9999 1.803694931002079 0.6949812886752122 0.5698181457212063 1.3661495625163822 2.224376493435776 2.614574129413152 3.990818154679541 4.401560319888549 4.260430703823383 1.2646984302693918 1.1846557225958554 0.9181248399894218 1.457121340722109 2.2091600391102433 1.3235899480975861 2.044856987818967 0.6949812886752122 7.548832591340194 1.5523805027211726 4.022070698183645 5.764508100599657 1.2058069124411972 0.9770163578176109 1.6982833975389913 1.8989540930011426 1.5523805027211726 1.698283397538997
-9999 -9999 -9999 -9999 -9999 -9999 -9999 -9999 -9999 -9999 -9999 -9999 -9999 -9999 -9999 -9999 -9999 -9999 -9999 -9999 -9999 -9999 -9999 -9999 -9999 -9999 -9999 -9999 -9999 -9999 -9999 -9999 -9999 1.3517098072590217 0.34840769839523666 0.22324455544123073 -0.15231657171199148 1.2058069124412027 1.8625864488302735 2.8434157018419994 3.8084965978855867 3.7707562699027397 3.9037557598846506 4.309220867992815 1.803694931002079 1.7347020595151272 0.8380821323158855 5.7413346653735475 6.001597458037944 6.175620212017203 6.139895753470543 1.3235899480975806 4.155070188165556 3.6754971079036705 1.4571213407221033 0.9770163578176109 0.9770163578176109 0.8592333221612274 0.7538728065034012 0.7538728065034012 0.6949812886752122
-9999 -9999 -9999 -9999 -9999 -9999 -9999 -9999 -9999 -9999 -9999 -9999 -9999 -9999 -9999 -9999 -9999 -9999 -9999 -9999 -9999 -9999 -9999 -9999 -9999 -9999 -9999 -9999 -9999 -9999 -9999 -9999 0.6585626266990763 0.25309751859091184 0.16608614160128204 1.1469153946130082 1.1517396911709272 2.0167371286575313 2.3026860971210668 1.8036949310020787 1.698283397538997 5.194790959005477 4.805855152848523 5.562515739130794 5.810977098429294 5.840535900670838 6.3886624096726505 2.1401671676232916 2.5969255701190064 1.6112720205493671 3.066559253156209 4.106280023996124 1.6112720205493616 4.278500227131317 1.3235899480975806 0.8051661008909515 0.7538728065034012 0.49150854203591 0.6304427675376353 0.6141108641282425 0.5307292551891913
-9999 -9999 -9999 -9999 -9999 -9999 -9999 -9999 -9999 -9999 -9999 -9999 -9999 -9999 -9999 -9999 -9999 -9999 -9999 -9999 -9999 -9999 -9999 -9999 -9999 -9999 -9999 -9999 -9999 -9999 1.1105477504421335 0.8051661008909515 0.03603301335308435 0.7791906144876909 0.9770163578176109 1.457121340722109 2.7940936350299554 0.9181248399894218 1.9578456108293372 0.8051661008909515 4.748133910168519 0.6949812886752122 1.4470199870633464 0.9181248399894218 2.5921012735610933 3.2387794562914016 2.3633107189375013 3.161818415155273 0.8051661008909515 1.5523805027211726 2.0756286464857205 0.9181248399894164 2.245527683281118 1.7935935773433163 4.730434333069119 0.38230925007091804 1.2238764357491367 1.1469153946130082 1.712723152796352 0.5698181457212006 1.5312293128758252
-9999 -9999 -9999 -9999 -9999 -9999 -9999 -9999 -9999 -9999 -9999 -9999 -9999 -9999 -9999 -9999 -9999 -9999 -9999 -9999 -9999 -9999 -9999 -9999 -9999 -9999 -9999 1.041554878955182 0.7538728065034012 0.8051661008909515 0.5715512497094465 0.8592333221612274 0.5715512497094465 1.0754564306308634 1.729055056205745 2.3044192011093125 2.833314348183237 3.3441399719492275 1.6112720205493671 5.377061497994171 0.6949812886752122 1.3517098072590217 1.1004463967833766 1.803694931002079 0.8592333221612274 0.9163917360011761 2.1401671676232916 0.8380821323158799 0.7050826423339691 0.6585626266990763 0.8380821323158799 1.1846557225958554 2.997566381669258 4.309220867992815 2.0167371286575313 0.7288828403508936 2.09137700345386 1.9037783895590612 2.3633107189375013 3.2796014508116564 2.7098843092174767
-9999 -9999 -9999 -9999 -9999 -9999 -9999 -9999 -9999 -9999 -9999 -9999 -9999 -9999 -9999 -9999 -9999 -9999 -9999 -9999 -9999 -9999 -9999 -9999 -9999 1.6701635383775562 0.8592333221612274 0.49150854203591 1.041554878955182 1.0087650561321913 0.8592333221612274 0.7791906144876909 1.3824814659257751 2.0756286464857205 3.403031489777422 3.403031489777422 3.873035119023158 5.845378525146627 6.639976837953557 0.6949812886752122 1.1517396911709272 1.7290550562057507 2.9023072196701887 1.3235899480975806 1.2058069124411972 1.1846557225958554 1.2058069124411972 1.041554878955182 0.8051661008909515 0.8380821323158855 2.1502685212820545 2.6509927913892826 1.3517098072590217 1.6112720205493616 1.457121340722109 0.4852607576931431 1.7935935773433218 3.1798879384632124 4.278500227131322 4.789325850897312 5.454353172295817
-9999 -9999 -9999 -9999 -9999 -9999 -9999 -9999 -9999 -9999 -9999 -9999 -9999 -9999 -9999 -9999 -9999 -9999 -9999 -9999 -9999 -9999 -9999 2.1401671676232916 0.9770163578176109 0.6585626266990763 0.9163917360011761 0.8318343479731131 0.9606844544082123 1.6701635383775562 1.757174915367186 1.9578456108293372 1.8625864488302735 3.739503726398635 5.562515739130794 5.417934510319687 5.454353172295817 1.5523805027211726 1.041554878955182 0.5715512497094465 0.5715512497094465 0.5126597318812575 1.3982298228939145 3.120996420635018 1.6112720205493616 0.7639741601621579 0.7050826423339691 0.7538728065034012 1.4983132814508968 1.7347020595151272 1.3517098072590217 1.2646984302693918 1.3517098072590217 1.1846557225958554 1.1105477504421335 -0.18048744867868782 2.081275649795103 2.709884309217477 3.873035119023158 3.990818154679541 3.8549655957152185
-9999 -9999 -9999 -9999 -9999 -9999 -9999 -9999 -9999 -9999 -9999 -9999 -9999 -9999 -9999 -9999 -9999 -9999 -9999 -9999 -9999 -9999 1.8778029031558006 0.35850905205399364 0.38230925007091804 0.9462446991508572 0.7791906144876909 1.4809215387390278 2.3734120725962584 0.9770163578176109 2.496842111562024 2.5921012735610933 3.1798879384632124 4.665895811931547 2.9023072196701887 1.3517098072590217 1.1004463967833709 0.5307292551891913 0.41740056988218827 1.2238764357491367 1.3235899480975861 1.9578456108293372 0.7639741601621637 2.6509927913892826 3.374911630615981 1.3881284692351517 0.6304427675376353 1.4470199870633464 1.4571213407221033 1.9037783895590612 2.0150040246692855 1.5312293128758252 1.8989540930011426 1.8778029031558006 1.9578456108293372 1.041554878955182 0.1071946237730931 1.6095389165611214 3.1153494173256413 3.0564578994974467 1.041554878955182
-9999 -9999 -9999 -9999 -9999 -9999 -9999 -9999 -9999 -9999 -9999 -9999 -9999 -9999 -9999 -9999 -9999 -9999 -9999 -9999 -9999 1.6701635383775562 0.9163917360011761 2.09137700345386 0.5698181457212006 1.5312293128758252 1.8524850951715108 2.2091600391102433 3.749605080057392 1.4470199870633464 2.1401671676232916 2.9330278605316864 3.4619230076056113 2.1401671676232916 2.304419201109307 1.803694931002079 1.041554878955182 0.22497765942947656 1.5523805027211726 1.2646984302693918 1.668430434389316 2.044856987818967 2.709884309217477 2.708151205229231 2.5258296484352765 3.9626472777128394 1.7935935773433163 1.041554878955182 2.7940936350299554 1.3235899480975861 3.2207099329834676 4.7612059917358724 3.2387794562914016 1.6112720205493671 2.9386748638410634 2.422202236765696 1.8989540930011481 2.4686712345953277 0.7538728065034012 0.7639741601621637 3.548934384595241
-9999 -9999 -9999 -9999 -9999 -9999 -9999 -9999 -9999 -9999 -9999 -9999 -9999 -9999 -9999 -9999 -9999 -9999 -9999 -9999 -9999 0.9770163578176109 1.2238764357491367 1.3235899480975806 2.7098843092174714 2.4503220959271315 0.9163917360011761 2.486740757903267 3.883136472681915 4.106280023996124 2.3633107189375013 2.5557336293902186 2.997566381669258 3.749605080057392 1.6701635383775562 1.1846557225958554 1.3517098072590217 0.9770163578176109 0.22497765942947656 2.414604013325052 1.8036949310020787 0.7639741601621637 2.997566381669258 2.9510463660343653 3.8448642420564614 5.484206135445499 3.0564578994974467 1.6112720205493671 2.7098843092174767 4.337391744959511 1.6701635383775562 1.5523805027211726 3.931926636851347 2.3026860971210668 0.8051661008909515 2.3145205547680696 0.25309751859091184 0.5307292551891913 0.5307292551891913 1.5312293128758308 2.6509927913892826
-9999 -9999 -9999 -9999 -9999 -9999 -9999 -9999 -9999 -9999 -9999 -9999 -9999 -9999 -9999 -9999 -9999 -9999 -9999 -9999 -9999 0.5715512497094465 1.1846557225958554 2.614574129413146 3.269500097152894 1.5523805027211726 2.3044192011093125 3.1153494173256413 3.6160736874328694 3.644244564399566 3.5825509953942256 2.283268011263965 1.2646984302693918 1.3517098072590217 2.768775827045666 1.5523805027211726 1.5312293128758252 1.6112720205493671 2.199058685451486 2.9874650280104955 2.6298416015439403 3.487240815589901 1.6701635383775562 1.1004463967833766 1.7935935773433218 2.768775827045666 5.572085190146945 5.803728813752938 1.6701635383775562 1.2646984302693918 3.1077511938849973 1.5312293128758252 1.7347020595151272 2.982349927343725 2.0680304230450766 0.9462446991508572 2.016737128657526 1.262965326281146 1.5523805027211726 1.7935935773433218 3.1153494173256413
-9999 -9999 -9999 -9999 -9999 -9999 -9999 -9999 -9999 -9999 -9999 -9999 -9999 -9999 -9999 -9999 -9999 -9999 -9999 -9999 0.7538728065034012 0.5126597318812575 1.9366944209839951 4.538062440421663 4.3838607427891425 2.304419201109307 2.3044192011093125 2.3044192011093125 2.8434157018419994 4.155070188165556 3.487240815589901 3.6695623723838557 2.5709500837157457 1.6701635383775562 1.5523805027211726 3.0564578994974467 2.8741363427034923 0.8380821323158855 1.041554878955182 1.1004463967833766 2.961198737498383 3.626175041091632 4.838116015066745 4.341301128370352 4.529763637606967 1.457121340722109 3.913857113543413 3.749605080057392 5.300151474663304 5.00236804855276 1.4470199870633464 3.916659164720558 0.9163917360011761 1.757174915367186 3.6495216215004094 0.7050826423339691 3.202360794315271 4.278500227131322 4.022070698183645 8.285833412363793 8.647444880008303
-9999 -9999 -9999 -9999 -9999 -9999 -9999 -9999 -9999 -9999 -9999 -9999 -9999 1.6112720205493671 3.3441399719492275 2.1401671676232916 1.7935935773433163 -9999 -9999 1.1846557225958554 0.35850905205399924 1.8625864488302735 2.7098843092174767 6.236244833833639 -9999 8.344673912386726 6.560031910927536 6.41294839832337 6.227543060529299 1.041554878955182 3.5700855744405886 4.362709552943801 3.8296477877309285 2.6509927913892826 2.3633107189375013 2.4503220959271315 3.0564578994974467 2.5456322757314562 0.14493495175594015 2.7098843092174767 7.034016965472456 7.047175050049967 6.9326546600284 6.771654661928756 1.1105477504421335 4.830147845417568 5.274833666679008 1.3517098072590217 3.2106085793247052 0.9770163578176109 4.331018261414768 4.805657754306706 3.4771394619311384 1.698283397538997 2.422202236765696 4.715217878743591 7.517995339202258 9.627589919052783 8.042019556041586 2.3633107189375013 2.933027860531681
-9999 -9999 -9999 -9999 -9999 -9999 -9999 -9999 -9999 -9999 -9999 -9999 -9999 3.0564578994974467 2.3044192011093125 3.403031489777422 -9999 5.107779582015847 6.116728694189009 0.8380821323158855 3.922906949063331 5.061259566380954 5.786487007318432 4.596902940444596 6.274711114661429 2.3044192011093125 2.044856987818967 0.9770163578176109 1.041554878955182 6.011368178531183 1.6112720205493671 2.283268011263965 4.329423575310335 3.680612208570441 2.9764151918239103 2.4278492400750724 2.1401671676232916 3.2976709741195904 2.6408914377305255 7.1407521258660465 2.283268011263965 1.5312293128758308 1.8625864488302735 2.3633107189375013 7.056931224995332 7.186812899242581 4.848217368725502 1.2646984302693918 1.8778029031558006 2.9386748638410634 1.3235899480975861 2.199058685451486 9.516713669609654 7.733764830063754 6.890843344276348 7.805728429459295 1.9578456108293372 3.6907135622291976 3.585353046571371 1.2058069124411972 2.997566381669252
-9999 -9999 -9999 -9999 -9999 -9999 -9999 -9999 -9999 -9999 -9999 -9999 -9999 2.6509927913892826 2.997566381669258 3.749605080057392 5.417934510319687 6.052190173051438 1.7935935773433218 4.791058954885553 1.9578456108293372 2.2091600391102433 4.011969344524883 1.6701635383775562 5.543097653273687 1.7935935773433218 1.5312293128758308 2.5258296484352765 1.7347020595151272 1.7347020595151272 5.894858582409996 5.960622979525947 2.496842111562024 4.299651416976664 3.818597951544344 2.922926506872924 2.614574129413152 4.555710999715807 7.336590226489989 1.8778029031558006 0.9163917360011761 1.2629653262811515 1.505911504891541 2.3044192011093125 3.9626472777128448 4.319322221651578 7.806697299554785 7.542281327852972 2.0167371286575313 2.614574129413152 3.5571821696046806 7.918850950452611 3.4619230076056113 1.5523805027211726 2.0150040246692855 1.4470199870633464 4.355740883627708 2.3633107189375013 1.4571213407221033 1.6701635383775562 0.9181248399894164
-9999 -9999 -9999 -9999 -9999 -9999 -9999 -9999 -9999 -9999 -9999 -9999 -9999 -9999 4.096178670337367 6.3886624096726505 3.3441399719492275 2.997566381669252 1.6112720205493671 2.3633107189375013 1.2646984302693918 0.9163917360011761 3.3160201127877866 5.11484603197945 2.42220223676569 1.8989540930011481 1.7290550562057507 2.774422830355048 3.8448642420564614 3.9437610944983494 2.0167371286575313 2.486740757903267 6.687443375192481 3.0564578994974467 4.907108886553696 5.084790063791148 7.569696713579149 7.9505593773377505 2.997566381669252 1.7935935773433163 0.9770163578176109 0.5126597318812575 1.6112720205493671 2.4686712345953277 2.1037485056471614 3.403031489777422 3.8084965978855867 3.8084965978855867 7.234386592138113 7.122008975048638 7.186276849913208 2.6509927913892826 2.3044192011093125 2.496842111562024 1.1004463967833766 2.044856987818967 3.873035119023152 2.304419201109307 1.1004463967833709 1.0051362169790459 0.7538728065034012
-9999 -9999 -9999 -9999 -9999 -9999 -9999 -9999 -9999 -9999 -9999 -9999 -9999 -9999 5.012469402211522 -9999 1.6112720205493616 1.6112720205493616 1.6701635383775562 1.4470199870633464 0.5698181457212063 3.972748631371602 5.0132971190849505 1.6701635383775562 0.8592333221612274 2.0167371286575313 2.09137700345386 0.5698181457212063 1.457121340722109 3.6907135622292033 4.738032556509762 4.789325850897312 5.577783211261583 6.6118569787921215 7.121469746132903 7.136413724267448 3.3441399719492275 3.6907135622291976 1.4571213407221033 0.8592333221612274 0.9163917360011761 0.8051661008909515 0.5715512497094465 1.3072580446881878 1.3072580446881878 1.4470199870633464 1.8778029031558006 1.1846557225958554 1.1105477504421335 1.041554878955182 0.9770163578176109 1.457121340722109 2.997566381669258 2.8922058660114316 2.7098843092174767 3.2796014508116564 2.016737128657526 1.9578456108293372 1.2646984302693918 1.2058069124411972 1.1004463967833709
-9999 -9999 -9999 -9999 -9999 -9999 -9999 -9999 -9999 -9999 -9999 -9999 -9999 -9999 3.4030314897774168 2.016737128657526 3.0564578994974467 2.0167371286575313 3.626175041091632 3.585353046571377 2.922926506872924 0.9181248399894164 4.907108886553691 1.0051362169790459 1.4983132814508968 1.3881284692351574 2.8276673448738605 3.1153494173256413 3.370115458352488 2.3633107189375013 0.9770163578176109 2.1401671676232916 1.8778029031558006 1.8778029031558006 2.0167371286575313 2.768775827045666 1.9578456108293372 1.7935935773433163 1.6701635383775562 0.5126597318812575 2.555733629390213 2.1401671676232916 1.1846557225958554 0.9770163578176109 1.041554878955182 0.7538728065034012 0.8380821323158855 2.1502685212820545 2.4503220959271315 1.0051362169790519 1.7935935773433218 2.5557336293902186 3.1798879384632124 3.2207099329834676 3.403031489777422 3.749605080057392 2.016737128657526 1.7935935773433163 1.3235899480975806 1.9578456108293372 1.8989540930011426
-9999 -9999 -9999 -9999 -9999 -9999 -9999 -9999 -9999 -9999 -9999 -9999 -9999 -9999 2.42220223676569 1.0051362169790459 1.6982833975389913 2.5456322757314562 1.2058069124412027 3.403031489777422 3.8084965978855867 6.124510834631064 1.0051362169790459 0.8592333221612274 0.5715512497094465 2.283268011263965 1.3072580446881878 1.2058069124412027 1.757174915367186 0.8380821323158855 1.6701635383775562 1.041554878955182 0.8051661008909515 0.9770163578176109 1.1004463967833766 2.1502685212820545 3.8084965978855867 5.00236804855276 1.3517098072590217 0.22497765942947656 2.961147719693122 0.8592333221612274 1.9578456108293372 1.1105477504421335 1.1105477504421335 1.0051362169790519 1.6112720205493671 2.422202236765696 2.5921012735610933 3.2852484541210387 3.520814525433806 4.738032556509762 4.838116015066745 4.548163794080425 4.592615556651259 4.730434333069119 4.155070188165556 2.304419201109307 2.3633107189375013 1.3517098072590217 2.8741363427034923
-9999 -9999 -9999 -9999 -9999 -9999 -9999 -9999 -9999 -9999 -9999 -9999 -9999 -9999 -9999 1.803694931002079 0.7639741601621579 1.5312293128758252 2.1401671676232916 3.066559253156209 4.7994272045560695 4.501643778445526 1.803694931002079 1.6112720205493671 2.7940936350299554 0.11201892033100622 0.34840769839523666 0.07082697960221837 2.7098843092174767 2.709884309217477 3.3441399719492275 0.9163917360011761 0.9770163578176109 1.2058069124411972 1.0051362169790519 1.7935935773433218 3.749605080057392 1.803694931002079 3.120996420635018 0.9770163578176109 0.8051661008909515 2.4503220959271315 1.5312293128758252 2.4867407579032617 1.8989540930011481 2.5921012735610933 2.9330278605316864 2.997566381669258 3.151717061496516 3.6907135622292033 3.644244564399566 1.6701635383775562 1.2058069124412027 2.1502685212820545 3.403031489777422 4.022070698183645 5.942005360835698 6.968480904925593 2.6509927913892826 2.7098843092174767 7.989903554902573
