resources/Input/topIndex.asc
NCOLS 173
NROWS 271
XLLCORNER 370028.416175232
YLLCORNER 7467393.285087761
CELLSIZE 30.055073733610097
NODATA_VALUE -9999
[rows 216 to 242 of 271, columns 0 to 60 of 173]
-9999 -9999 -9999 -9999 -9999 -9999 -9999 -9999 -9999 -9999 -9999 -9999 -9999 -9999 -9999 -9999 -9999 -9999 -9999 -9999 -9999 -9999 -9999 1.5523805027211726 2.649259687401042 2.961147719693122 0.6949812886752122 2.0167371286575313 2.2091600391102433 0.6949812886752122 1.7935935773433218 2.8152448248753035 4.250329350164626 5.8896712435536624 3.1153494173256413 3.749605080057392 4.20159020380045 2.8922058660114316 3.1899892921219695 2.9386748638410634 1.2646984302693918 2.5456322757314562 1.3235899480975861 3.3441399719492275 0.9770163578176109 5.377061497994171 2.592101273561088 1.1004463967833709 1.8989540930011426 3.0564578994974467 2.304419201109307 4.702314473907677 2.7098843092174714 1.6112720205493616 1.7935935773433218 2.044856987818967 1.7347020595151272 1.9578456108293372 2.7098843092174714 3.2387794562914016 1.6112720205493616
-9999 -9999 -9999 -9999 -9999 -9999 -9999 -9999 -9999 -9999 -9999 -9999 -9999 -9999 -9999 -9999 -9999 -9999 -9999 -9999 -9999 -9999 -9999 -9999 1.8625864488302735 2.3044192011093125 2.5557336293902186 3.2852484541210387 3.066559253156209 3.403031489777422 4.165171541824319 4.383860742789149 5.398263705644774 2.6509927913892826 1.5523805027211726 3.8549655957152185 2.1401671676232916 2.1502685212820545 2.768775827045666 1.7935935773433218 2.3633107189375013 1.7935935773433218 2.1401671676232916 2.0167371286575313 5.071360920039711 3.7597064337161488 2.304419201109307 1.2646984302693918 2.7380041683789123 1.4470199870633464 3.498290651776486 2.42220223676569 1.6112720205493616 1.803694931002079 1.2646984302693918 1.1004463967833766 2.5921012735610933 3.9626472777128448 -9999 2.1401671676232916 2.1401671676232916
-9999 -9999 -9999 -9999 -9999 -9999 -9999 -9999 -9999 -9999 -9999 -9999 -9999 -9999 -9999 -9999 -9999 -9999 -9999 -9999 -9999 -9999 -9999 -9999 -9999 1.6701635383775562 0.9163917360011761 0.8051661008909515 1.1517396911709272 1.956112506841097 3.1153494173256413 4.337391744959511 2.6509927913892826 4.096178670337367 5.946829657393612 2.1401671676232916 1.5523805027211726 1.2058069124412027 2.1502685212820545 2.7098843092174767 2.997566381669258 5.482473031457258 5.482473031457258 5.7190457265229 3.9037557598846506 2.4867407579032617 2.016737128657526 1.041554878955182 1.8989540930011426 2.5456322757314562 2.7098843092174714 2.304419201109307 2.0167371286575313 1.8778029031558006 1.6095389165611214 1.803694931002079 1.2646984302693918 1.6112720205493616 5.137632545165523 2.1401671676232916 2.1401671676232916
-9999 -9999 -9999 -9999 -9999 -9999 -9999 -9999 -9999 -9999 -9999 -9999 -9999 -9999 -9999 -9999 -9999 -9999 -9999 -9999 -9999 -9999 -9999 -9999 -9999 1.6112720205493616 1.3517098072590217 1.1105477504421335 0.45376821405306295 0.2838691772576656 1.4983132814508968 2.1502685212820545 4.309220867992815 1.7935935773433218 4.789325850897312 3.749605080057392 1.9578456108293372 1.6112720205493671 4.401560319888549 4.789325850897312 5.099531797006408 3.749605080057392 2.044856987818967 1.7347020595151272 2.3914305780989364 0.6949812886752065 0.8380821323158799 0.8051661008909515 0.6585626266990763 0.7639741601621579 1.5312293128758252 1.0051362169790459 0.8051661008909515 0.6585626266990763 2.0167371286575313 3.3441399719492275 2.7098843092174767 4.501643778445526 5.600256067113636 1.9578456108293372 2.0167371286575313
-9999 -9999 -9999 -9999 -9999 -9999 -9999 -9999 -9999 -9999 -9999 -9999 -9999 -9999 -9999 -9999 -9999 -9999 -9999 -9999 -9999 -9999 -9999 -9999 -9999 2.833314348183237 0.9163917360011761 1.5523805027211726 0.9181248399894164 0.6585626266990763 0.45376821405306295 1.3517098072590217 1.3881284692351517 1.803694931002079 2.3044192011093125 2.7098843092174767 4.213961705993751 5.196524062993717 3.0564578994974467 2.245527683281118 2.768775827045666 2.42220223676569 0.8380821323158799 0.6949812886752065 1.5312293128758252 1.6701635383775562 1.2646984302693918 1.1004463967833709 1.3235899480975806 1.3517098072590217 1.1105477504421335 0.5715512497094465 0.38230925007091804 1.5312293128758308 2.833314348183237 1.5523805027211726 3.739503726398635 4.943476530724565 5.2488581802757475 2.0167371286575313 2.5557336293902186
-9999 -9999 -9999 -9999 -9999 -9999 -9999 -9999 -9999 -9999 -9999 -9999 -9999 -9999 -9999 -9999 -9999 -9999 -9999 -9999 -9999 -9999 -9999 -9999 -9999 2.1401671676232916 2.0756286464857205 2.1401671676232916 3.0564578994974467 2.016737128657526 1.5523805027211726 0.9770163578176109 0.6141108641282425 0.6141108641282425 1.5312293128758308 2.5557336293902186 3.931926636851347 3.2387794562914016 1.5523805027211726 1.2646984302693918 1.2058069124411972 1.1004463967833709 1.2646984302693918 1.2646984302693918 1.457121340722109 1.6095389165611214 0.9770163578176109 2.0756286464857205 1.6095389165611214 0.6949812886752065 0.6141108641282425 1.1846557225958554 1.3072580446881878 1.8989540930011481 2.768775827045666 3.2207099329834676 3.739503726398635 5.742035244747599 5.646725064943273 1.7935935773433163 1.6112720205493671
-9999 -9999 -9999 -9999 -9999 -9999 -9999 -9999 -9999 -9999 -9999 -9999 -9999 -9999 -9999 -9999 -9999 -9999 -9999 -9999 -9999 -9999 -9999 -9999 2.3044192011093125 2.7098843092174767 2.224376493435776 4.607004294103358 5.160889407329796 6.9865504282335325 5.751085080267516 1.5523805027211726 1.0051362169790459 0.8051661008909515 0.6949812886752122 1.9578456108293372 1.5523805027211726 1.6112720205493616 1.1846557225958554 0.8592333221612274 0.6304427675376353 0.5698181457212006 0.6304427675376353 0.5698181457212006 0.8380821323158799 0.5307292551891913 2.0150040246692855 1.803694931002079 2.3633107189375013 2.304419201109307 0.7538728065034012 1.5312293128758252 2.0150040246692855 2.7098843092174767 3.0564578994974467 3.1899892921219695 2.0167371286575313 2.997566381669258 6.275333724365647 5.742035244747599 2.304419201109307
-9999 -9999 -9999 -9999 -9999 -9999 -9999 -9999 -9999 -9999 -9999 -9999 -9999 -9999 -9999 -9999 -9999 -9999 -9999 -9999 -9999 -9999 -9999 -9999 1.3235899480975806 1.7935935773433218 3.6695623723838557 2.9764151918239103 1.6701635383775562 4.501643778445532 3.913857113543413 5.222910818166913 2.283268011263965 0.8051661008909515 0.7538728065034012 1.1004463967833709 1.1846557225958554 1.041554878955182 0.8051661008909515 1.6095389165611214 2.304419201109307 2.1502685212820487 2.245527683281118 2.3633107189375013 2.016737128657526 0.6949812886752122 2.0150040246692855 2.6509927913892826 2.4503220959271315 3.4619230076056113 1.2646984302693918 2.7380041683789123 1.2646984302693918 2.7380041683789123 1.5523805027211726 3.4030314897774168 3.6261750410916265 2.304419201109307 2.304419201109307 5.967980847238959 7.315054495205568
-9999 -9999 -9999 -9999 -9999 -9999 -9999 -9999 -9999 -9999 -9999 -9999 -9999 -9999 -9999 -9999 -9999 -9999 -9999 -9999 -9999 -9999 -9999 -9999 5.348941638832735 -9999 3.161818415155273 0.6949812886752122 3.3929301361186597 0.9181248399894164 1.6112720205493671 2.3044192011093125 5.5036242213026005 2.833314348183237 2.1502685212820545 3.626175041091632 3.403031489777422 3.4311513489388576 1.6701635383775562 1.9578456108293372 3.2488808099501583 2.768775827045666 1.4470199870633464 2.7098843092174714 3.6261750410916265 0.9770163578176109 1.0051362169790519 3.626175041091632 4.096178670337368 3.9626472777128448 6.991169374089827 7.022918072404407 6.770327319763896 7.087735572480878 7.538198046519778 8.270565940233004 9.03065260346806 9.037821092946672 9.04847838742066 8.390056918234544 -9999
-9999 -9999 -9999 -9999 -9999 -9999 -9999 -9999 -9999 -9999 -9999 -9999 -9999 -9999 -9999 -9999 -9999 -9999 -9999 -9999 -9999 -9999 -9999 -9999 3.6261750410916265 1.6112720205493616 2.592101273561088 0.34840769839523666 2.2243764934357704 1.1846557225958554 2.0167371286575313 2.614574129413152 3.9626472777128448 5.7198012177634245 6.137398999197005 6.770327319763896 6.088608835027574 5.4937725867111915 5.423049610986458 6.139252567846329 8.669586005885517 2.0167371286575313 3.913857113543413 8.484435854761886 8.57918122235125 6.036579163581711 6.6666074935635296 7.535527817963899 7.546166216168955 6.709710175968232 2.961147719693122 2.5456322757314562 2.8741363427034923 3.0564578994974467 2.5456322757314562 4.355740883627708 2.304419201109307 2.6509927913892826 5.253682476833666 9.029418975040869 4.096178670337362
-9999 -9999 -9999 -9999 -9999 -9999 -9999 -9999 -9999 -9999 -9999 -9999 -9999 -9999 -9999 -9999 -9999 -9999 -9999 -9999 -9999 -9999 -9999 -9999 1.8989540930011426 0.31198903641910064 1.5059115048915352 1.0087650561321913 0.14493495175593457 1.8036949310020787 1.8989540930011481 2.9386748638410634 2.4278492400750724 1.1105477504421335 3.548934384595241 1.6112720205493671 1.8989540930011481 3.1153494173256413 2.9874650280104955 4.442752260617337 3.9626472777128448 7.281152943529887 7.668272628204207 5.359042992491492 3.749605080057392 0.8380821323158855 2.6509927913892826 1.9578456108293372 3.0564578994974467 3.1899892921219695 1.9578456108293372 2.6509927913892826 2.7940936350299554 2.044856987818967 1.803694931002079 3.285248454121033 2.7098843092174767 4.730434333069119 9.014020894929747 4.789325850897307 4.319322221651571
-9999 -9999 -9999 -9999 -9999 -9999 -9999 -9999 -9999 -9999 -9999 -9999 -9999 -9999 -9999 -9999 -9999 -9999 -9999 -9999 -9999 -9999 -9999 -9999 -9999 1.9578456108293372 1.5312293128758252 0.7639741601621579 0.9462446991508572 1.3517098072590215 1.4809215387390278 1.5901208307040198 2.3044192011093125 3.1899892921219695 1.2058069124412027 2.0167371286575313 2.5456322757314562 3.9626472777128448 3.9859938581216228 2.768775827045666 2.3044192011093125 3.413132843436179 4.219608709303127 2.016737128657526 2.997566381669252 1.041554878955182 0.8380821323158855 2.833314348183237 2.9023072196701887 1.9578456108293372 2.5456322757314562 2.496842111562024 0.9163917360011761 1.5523805027211726 3.3929301361186597 2.3633107189375013 1.6701635383775562 0.8380821323158799 7.8184238182950985 4.655794458272784 4.789325850897307
-9999 -9999 -9999 -9999 -9999 -9999 -9999 -9999 -9999 -9999 -9999 -9999 -9999 -9999 -9999 -9999 -9999 -9999 -9999 -9999 -9999 -9999 -9999 -9999 -9999 1.3235899480975806 0.5698181457212006 0.7050826423339691 1.4470199870633464 1.0087650561321913 1.1846557225958554 1.5160128585502979 1.6701635383775562 1.7935935773433218 2.486740757903267 3.520814525433806 4.11732986018271 2.7380041683789123 2.8741363427034923 1.803694931002079 0.9770163578176109 2.7098843092174767 4.250329350164621 2.6509927913892826 1.803694931002079 1.6701635383775562 1.1004463967833766 2.6509927913892826 2.0167371286575313 3.3441399719492275 4.155070188165556 2.3044192011093125 2.3044192011093125 3.749605080057392 2.6509927913892826 1.5523805027211726 2.199058685451486 8.72288458760988 1.2646984302693918 2.933027860531681 2.555733629390213
-9999 -9999 -9999 -9999 -9999 -9999 -9999 -9999 -9999 -9999 -9999 -9999 -9999 -9999 -9999 -9999 -9999 -9999 -9999 -9999 -9999 -9999 -9999 -9999 -9999 -9999 1.2646984302693918 0.6141108641282425 0.34840769839523666 0.3156178755722459 1.0754564306308634 1.0754564306308634 1.0754564306308634 1.0516562326139445 2.245527683281118 2.2091600391102433 2.5456322757314562 2.9386748638410634 1.2646984302693918 2.0167371286575313 2.283268011263965 1.3517098072590217 1.7935935773433163 5.936728303734855 5.770155103909039 6.1630414298103435 6.076882785641809 1.5523805027211726 1.7935935773433218 3.749605080057392 2.6509927913892826 1.7935935773433218 2.044856987818967 2.1401671676232916 2.3044192011093125 2.6509927913892826 1.041554878955182 7.45133211349811 1.2646984302693918 2.304419201109307 1.6982833975389913
-9999 -9999 -9999 -9999 -9999 -9999 -9999 -9999 -9999 -9999 -9999 -9999 -9999 -9999 -9999 -9999 -9999 -9999 -9999 -9999 -9999 -9999 -9999 -9999 -9999 -9999 1.3235899480975806 1.1004463967833709 0.45376821405306295 0.9770163578176109 0.7050826423339691 0.49150854203591 0.3156178755722459 0.16608614160128204 1.1105477504421335 1.3072580446881878 1.6701635383775562 1.3235899480975806 1.2646984302693918 1.1004463967833766 1.7935935773433218 5.7221458847226785 6.084979995874429 4.009167293347738 4.368644288463615 1.6701635383775562 3.1406672253099313 6.143871513702623 7.263761200818018 -9999 2.7098843092174767 2.1502685212820545 7.238893134240004 7.424805359164687 8.344673912386726 9.041386159111168 8.708947079766098 2.7098843092174714 1.803694931002079 1.3235899480975806 1.6112720205493616
-9999 -9999 -9999 -9999 -9999 -9999 -9999 -9999 -9999 -9999 -9999 -9999 -9999 -9999 -9999 -9999 -9999 -9999 -9999 -9999 -9999 -9999 -9999 -9999 -9999 1.4470199870633464 1.6112720205493616 1.3881284692351517 0.49150854203591 2.1401671676232916 1.4470199870633464 1.041554878955182 0.8592333221612274 0.49150854203591 0.38230925007091804 0.6141108641282425 0.9181248399894218 1.8989540930011481 2.422202236765696 5.117829917869349 5.412152817805441 2.8434157018419994 4.442752260617337 1.5523805027211726 3.1798879384632124 4.155070188165556 5.606770748134835 6.673867053576334 8.544695046280083 -9999 9.016159596165492 7.42046602866865 1.3235899480975861 4.358542934804858 7.658644199595646 9.059023300597275 -9999 -9999 2.6509927913892826 3.403031489777422 8.249414750387658
-9999 -9999 -9999 -9999 -9999 -9999 -9999 -9999 -9999 -9999 -9999 -9999 -9999 -9999 -9999 -9999 -9999 -9999 -9999 -9999 -9999 -9999 -9999 -9999 -9999 2.3044192011093125 3.913857113543413 3.264097264275691 0.9770163578176109 2.245527683281118 2.2091600391102433 1.4983132814508968 1.5312293128758308 2.1401671676232916 0.6585626266990763 0.4072992162234313 1.6112720205493671 2.7098843092174767 5.275661383552442 2.9874650280104955 1.9578456108293372 2.191460462010842 0.9181248399894164 2.6509927913892826 2.9386748638410634 6.834132852394514 1.9578456108293372 3.2106085793247052 2.7098843092174714 1.7935935773433163 2.42220223676569 2.997566381669258 3.749605080057392 1.1105477504421335 6.592384875379295 2.016737128657526 1.1004463967833709 3.403031489777422 4.096178670337367 -9999 -9999
-9999 -9999 -9999 -9999 -9999 -9999 -9999 -9999 -9999 -9999 -9999 -9999 -9999 -9999 -9999 -9999 -9999 -9999 -9999 -9999 -9999 -9999 -9999 -9999 -9999 1.6701635383775562 1.4470199870633464 0.8380821323158855 3.7597064337161545 5.194790959005477 4.0597600083612315 2.1401671676232916 1.757174915367186 0.8592333221612274 2.614574129413152 3.151717061496516 3.2852484541210387 5.290050121004541 3.3441399719492275 1.803694931002079 0.8051661008909515 1.3881284692351517 1.4983132814508968 2.3633107189375013 6.208536243442132 1.6095389165611214 1.6701635383775562 1.5572047992790858 2.081275649795097 0.6304427675376353 1.6982833975389913 2.42220223676569 2.997566381669252 6.764385548582077 0.7639741601621579 1.4571213407221033 1.6095389165611214 3.0845777586588876 5.107779582015847 -9999 -9999
-9999 -9999 -9999 -9999 -9999 -9999 -9999 -9999 -9999 -9999 -9999 -9999 -9999 -9999 -9999 -9999 -9999 -9999 -9999 -9999 -9999 -9999 -9999 -9999 2.0167371286575313 2.0167371286575313 3.1798879384632124 3.403031489777422 3.403031489777422 5.918658780426915 1.0051362169790519 3.463656111593857 3.9291245856742014 4.581686486119068 4.655794458272791 5.259329480143048 4.9435275485298265 1.4470199870633464 2.8434157018419937 1.3235899480975806 1.2646984302693918 0.8051661008909515 1.4983132814508968 6.031987465733918 2.304419201109307 0.6949812886752065 1.262965326281146 1.2058069124411972 1.7935935773433163 0.6585626266990763 1.4470199870633464 1.6701635383775562 2.304419201109307 7.187221123695678 1.4470199870633464 0.9770163578176109 2.751076249946265 1.3517098072590217 2.8741363427034923 1.7935935773433163 6.143871513702617
-9999 -9999 -9999 -9999 -9999 -9999 -9999 -9999 -9999 -9999 -9999 -9999 -9999 -9999 -9999 -9999 -9999 -9999 -9999 -9999 -9999 -9999 -9999 -9999 2.3044192011093125 2.1037485056471614 4.961176107823972 4.4528536142760995 5.253682476833666 2.7098843092174767 4.468727747020598 0.6141108641282425 0.8380821323158855 1.7935935773433218 3.0564578994974467 1.6112720205493671 2.486740757903267 3.4619230076056113 2.7098843092174767 4.442752260617337 2.1401671676232916 1.1846557225958554 1.1846557225958554 6.770327319763891 2.892205866011426 1.5523805027211726 1.1846557225958554 0.8051661008909515 1.6112720205493616 1.3517098072590217 0.8592333221612274 0.8051661008909515 0.9181248399894164 1.0051362169790459 7.12072500648227 3.2387794562914016 0.8051661008909515 0.45376821405306295 1.6684304343893102 3.8747682230113982 3.8383495610352623
-9999 -9999 -9999 -9999 -9999 -9999 -9999 -9999 -9999 -9999 -9999 -9999 -9999 -9999 -9999 -9999 -9999 -9999 -9999 -9999 -9999 -9999 -9999 1.2646984302693918 2.3044192011093125 3.9037557598846506 1.0051362169790459 2.833314348183237 2.1401671676232916 2.1037485056471614 1.8989540930011481 4.750105137744032 5.1570506310226305 5.8759619485187065 6.794127517780815 1.6112720205493671 2.486740757903267 3.403031489777422 4.442752260617337 6.899539051243902 6.958379551266836 6.756438207603229 6.522193802297173 1.803694931002079 2.016737128657526 2.304419201109307 1.5523805027211726 0.9181248399894218 2.997566381669258 3.403031489777422 2.833314348183237 1.457121340722109 2.997566381669258 8.215513198711976 1.803694931002079 3.6907135622291976 1.1004463967833766 2.3633107189375013 1.041554878955182 4.319322221651571 4.3838607427891425
-9999 -9999 -9999 -9999 -9999 -9999 -9999 -9999 -9999 -9999 -9999 -9999 -9999 -9999 -9999 -9999 -9999 -9999 -9999 -9999 -9999 -9999 -9999 1.3517098072590217 1.3072580446881878 2.997566381669252 2.4686712345953277 0.6141108641282425 1.4983132814508968 2.447520044749986 2.3633107189375013 3.403031489777422 4.442752260617337 0.6949812886752122 3.913857113543413 6.4379844764846945 6.447553927500845 7.058009392215677 8.624802403258544 2.1401671676232916 1.5523805027211726 1.457121340722109 2.3044192011093125 5.450724333142678 5.770155103909039 5.666527692239454 1.6701635383775562 2.1502685212820545 7.951631324277119 6.858296092709853 6.575863376144216 7.071708236573839 8.605533984392666 2.304419201109307 1.6701635383775562 2.1502685212820487 0.8380821323158855 4.581686486119068 3.9907671368742803 3.1434692764870764 3.5208145254338
-9999 -9999 -9999 -9999 -9999 -9999 -9999 -9999 -9999 -9999 -9999 -9999 -9999 -9999 -9999 -9999 -9999 -9999 -9999 -9999 -9999 -9999 1.1105477504421335 0.7050826423339691 1.8778029031558006 1.6112720205493616 2.304419201109307 0.7538728065034012 2.0004052252481332 1.4106013250872163 3.0564578994974467 1.917023616309082 2.892205866011426 1.5901208307040198 2.3734120725962584 3.4030314897774168 3.5672835232634377 4.442752260617337 2.3044192011093125 6.582818424113608 1.6112720205493671 4.752958206726438 5.290050121004541 1.7935935773433218 2.7098843092174767 6.304453083860172 6.860924215116123 7.589057392650703 2.0167371286575313 4.501643778445532 4.459084164026736 5.227580781828468 -9999 6.236244833833639 1.2058069124412027 0.9181248399894164 3.2796014508116564 0.8380821323158799 3.0564578994974467 3.6318220444010088 3.595454400230134
-9999 -9999 -9999 -9999 -9999 -9999 -9999 -9999 -9999 -9999 -9999 -9999 -9999 -9999 -9999 -9999 -9999 -9999 -9999 -9999 -9999 -9999 -9999 2.4503220959271315 1.4983132814508968 1.3072580446881878 0.5126597318812519 1.9578456108293372 1.6701635383775562 2.496842111562024 1.757174915367186 3.4394501517535527 1.3982298228939145 1.8778029031558006 2.5709500837157457 2.768775827045666 0.5715512497094465 3.4030314897774168 4.155070188165556 1.6112720205493671 5.359042992491492 3.403031489777422 4.319322221651578 5.482473031457258 6.840647533415708 1.3517098072590217 1.6701635383775562 6.329770891844456 4.614602517543997 0.9770163578176109 1.7347020595151272 2.7098843092174714 3.4983416695817415 3.557182169604675 1.1105477504421335 1.1105477504421335 3.4030314897774168 1.8036949310020787 0.2675372738482669 2.7098843092174714 2.7098843092174714
-9999 -9999 -9999 -9999 -9999 -9999 -9999 -9999 -9999 -9999 -9999 -9999 -9999 -9999 -9999 -9999 -9999 -9999 -9999 -9999 -9999 -9999 -9999 1.6112720205493616 0.5698181457212006 0.45859251061097606 1.1469153946130082 0.5307292551891913 2.51746139876476 1.0754564306308634 3.007667735328015 0.8051661008909515 2.0756286464857205 2.6997829555587143 2.5969255701190064 1.5312293128758252 2.8516634868514337 2.969446522507817 2.016737128657526 2.9764151918239103 3.5264615287431824 1.7935935773433218 5.325141440815811 5.4988049348666515 1.6112720205493616 4.096178670337368 6.129151214187567 1.1004463967833709 4.096178670337362 0.8592333221612274 2.245527683281118 2.8846076425707876 1.3235899480975806 0.7639741601621579 4.037287152509173 1.1846557225958554 2.997566381669252 1.262965326281146 2.496842111562024 1.1469153946130082 1.0051362169790459
-9999 -9999 -9999 -9999 -9999 -9999 -9999 -9999 -9999 -9999 -9999 -9999 -9999 -9999 -9999 -9999 -9999 -9999 -9999 -9999 -9999 -9999 -9999 -9999 0.9163917360011761 0.5307292551891913 1.2058069124412027 2.768775827045666 0.5715512497094465 1.3517098072590215 2.1037485056471557 1.3517098072590217 2.768775827045666 2.2680005391331766 0.8051661008909515 3.218976828995222 3.007667735328015 1.4470199870633464 2.3633107189375013 2.8623018850564894 0.9163917360011761 1.9578456108293372 4.459084164026731 5.823399618427846 4.11732986018271 0.9163917360011761 4.044885375949812 5.084606146789732 -9999 3.2387794562914016 1.2646984302693918 2.796895686207101 0.7639741601621579 3.1136163133373955 2.016737128657526 2.7380041683789123 0.07082697960221258 0.5698181457212006 2.179256058155301 0.22497765942947107 -0.26053015635222976
-9999 -9999 -9999 -9999 -9999 -9999 -9999 -9999 -9999 -9999 -9999 -9999 -9999 -9999 -9999 -9999 -9999 -9999 -9999 -9999 -9999 -9999 -9999 -9999 -9999 1.041554878955182 0.38230925007091804 1.1517396911709215 1.0754564306308634 2.1009464544700105 0.03603301335308435 0.9770163578176109 1.6684304343893102 2.1502685212820487 2.9510973838396204 3.17424093515383 0.45376821405306295 1.8778029031558006 1.1846557225958554 1.8448868717308666 1.2238764357491367 3.6625937030677624 3.9907671368742803 4.096178670337362 4.278500227131317 4.242081565155186 3.883136472681915 1.6112720205493616 0.9181248399894164 5.359042992491492 3.3441399719492275 -9999 5.695515229112705 -0.030955714707729613 -0.35816862591614584 -0.28584796433651966 0.8592333221612274 1.3072580446881878 0.7639741601621579 0.9770163578176109 -9999
