resources/Input/topIndex.asc
NCOLS 173
NROWS 271
XLLCORNER 370028.416175232
YLLCORNER 7467393.285087761
CELLSIZE 30.055073733610097
NODATA_VALUE -9999
[rows 108 to 134 of 271, columns 61 to 121 of 173]
-9999 -9999 -9999 -9999 -9999 -9999 -9999 -9999 -9999 -9999 -9999 -9999 -9999 -9999 -9999 -9999 -9999 -9999 -9999 -9999 -9999 -9999 -9999 -9999 -9999 1.6112720205493671 3.3441399719492275 1.6701635383775562 1.7347020595151272 1.5523805027211726 1.5312293128758308 2.486740757903267 3.2207099329834676 4.655794458272791 -9999 -9999 -9999 2.7098843092174767 1.7935935773433163 2.997566381669252 1.457121340722109 0.8051661008909515 0.9770163578176109 1.3517098072590217 1.1846557225958554 1.041554878955182 1.041554878955182 0.9163917360011761 0.8592333221612274 0.8051661008909515 0.7538728065034012 0.8592333221612274 1.1846557225958554 1.7347020595151272 1.803694931002079 1.3517098072590217 1.3517098072590217 1.1846557225958554 0.45859251061097606 1.1517396911709215 1.262965326281146
-9999 -9999 -9999 -9999 -9999 -9999 -9999 -9999 -9999 -9999 -9999 -9999 -9999 -9999 -9999 -9999 -9999 -9999 -9999 -9999 -9999 -9999 -9999 -9999 1.457121340722109 2.997566381669258 3.0564578994974467 2.2091600391102433 1.5523805027211726 1.9366944209839951 2.997566381669258 3.498290651776486 1.9578456108293372 2.1401671676232916 2.7098843092174767 -9999 -9999 -9999 5.600256067113642 4.250329350164626 1.6112720205493671 2.496842111562024 1.6112720205493671 1.1846557225958554 0.9770163578176109 0.9770163578176109 1.1105477504421335 2.3633107189375013 1.6112720205493671 1.0051362169790519 1.2646984302693918 2.833314348183237 2.5557336293902186 2.283268011263965 1.6112720205493616 1.6095389165611214 1.5523805027211726 0.6585626266990763 0.7050826423339691 0.7639741601621579 0.5698181457212006
-9999 -9999 -9999 -9999 -9999 -9999 -9999 -9999 -9999 -9999 -9999 -9999 -9999 -9999 -9999 -9999 -9999 -9999 -9999 -9999 -9999 -9999 -9999 -9999 1.7935935773433218 2.833314348183237 1.4470199870633464 2.391430578098942 3.1798879384632124 3.3160201127877924 3.836616457047022 1.4470199870633464 4.096178670337362 2.3044192011093125 6.175620212017203 -9999 -9999 -9999 -9999 4.907108886553696 3.0845777586588876 2.3044192011093125 1.8989540930011481 3.0564578994974467 2.486740757903267 1.698283397538997 2.3633107189375013 0.9163917360011761 0.8592333221612274 3.3441399719492275 3.585353046571377 1.6112720205493671 2.9386748638410634 1.4470199870633464 3.161818415155273 2.961147719693122 1.7935935773433218 2.0756286464857205 0.5698181457212063 1.3517098072590217 1.5523805027211726
-9999 -9999 -9999 -9999 -9999 -9999 -9999 -9999 -9999 -9999 -9999 -9999 -9999 -9999 -9999 -9999 -9999 -9999 -9999 -9999 -9999 -9999 -9999 -9999 1.4470199870633464 1.3517098072590217 2.2091600391102433 1.803694931002079 1.1105477504421335 1.0051362169790519 1.6112720205493671 4.501643778445532 -9999 -9999 2.3044192011093125 4.096178670337367 -9999 -9999 -9999 -9999 0.9181248399894218 3.749605080057392 3.536562882401945 1.0051362169790519 4.496819481887613 4.096178670337368 3.7707562699027397 3.4983416695817473 2.961198737498383 0.7050826423339691 1.1105477504421335 3.9037557598846506 2.997566381669258 3.595454400230134 3.749605080057392 1.3235899480975861 2.961147719693122 0.8380821323158855 1.3881284692351517 1.3982298228939145 1.2646984302693918
-9999 -9999 -9999 -9999 -9999 -9999 -9999 -9999 -9999 -9999 -9999 -9999 -9999 -9999 -9999 -9999 -9999 -9999 -9999 -9999 -9999 -9999 -9999 -9999 1.457121340722109 3.066559253156209 3.498290651776486 2.7380041683789123 2.3633107189375013 2.486740757903267 2.199058685451486 3.0564578994974467 2.3633107189375013 2.016737128657526 2.7098843092174714 3.403031489777422 -9999 -9999 2.7098843092174714 8.257662535397092 5.218321456415671 5.107779582015847 5.077007923349094 4.272069336801032 3.7214852208959566 3.5083920054352484 2.997566381669258 3.066559253156209 2.5921012735610933 1.5312293128758308 2.995833277681012 0.9163917360011761 3.2106085793247052 3.5264615287431824 3.498290651776486 3.403031489777422 1.803694931002079 1.0051362169790519 3.498290651776486 1.3235899480975861 1.8778029031558006
-9999 -9999 -9999 -9999 -9999 -9999 -9999 -9999 -9999 -9999 -9999 -9999 -9999 -9999 -9999 -9999 -9999 -9999 -9999 -9999 -9999 -9999 -9999 1.7935935773433218 2.496842111562024 2.0167371286575313 2.391430578098942 3.8084965978855867 4.184923151315238 2.9386748638410634 1.3235899480975861 2.1502685212820545 3.403031489777422 -9999 -9999 -9999 5.194790959005472 1.7935935773433163 3.4619230076056113 4.626806921399532 7.584438446794408 3.1153494173256413 2.3044192011093125 0.6949812886752122 1.1846557225958554 0.9163917360011761 2.4503220959271315 2.486740757903267 1.6112720205493671 3.4619230076056113 1.8778029031558006 3.1899892921219695 3.202360794315265 2.995833277681012 0.9163917360011761 3.749605080057392 3.2976709741195958 3.2852484541210387 3.0564578994974467 1.7935935773433218 2.3633107189375013
-9999 -9999 -9999 -9999 -9999 -9999 -9999 -9999 -9999 -9999 -9999 -9999 -9999 -9999 -9999 -9999 -9999 -9999 -9999 -9999 -9999 -9999 -9999 -9999 1.6701635383775562 1.2646984302693918 0.8380821323158855 1.5312293128758308 2.199058685451486 4.838116015066745 5.6214072569589835 1.3235899480975861 3.749605080057392 12.607756122967963 2.304419201109307 3.179887938463207 1.2058069124411972 2.5709500837157457 3.220709932983462 4.566182299583097 1.6112720205493616 7.905358270408136 4.752958206726438 2.9330278605316864 2.422202236765696 0.5698181457212063 0.7538728065034012 1.3517098072590217 3.5672835232634377 2.5456322757314562 3.8673881157137755 1.6701635383775562 4.9535778843833285 2.3044192011093125 3.6754971079036705 0.8592333221612274 0.8592333221612274 2.5258296484352765 1.2646984302693918 2.3026860971210668 2.5456322757314562
-9999 -9999 -9999 -9999 -9999 -9999 -9999 -9999 -9999 -9999 -9999 -9999 -9999 -9999 -9999 -9999 -9999 -9999 -9999 -9999 -9999 -9999 -9999 -9999 1.9578456108293372 1.2646984302693918 0.6949812886752122 1.3235899480975861 2.1037485056471614 3.403031489777422 4.260430703823383 4.752958206726438 -9999 -9999 1.3235899480975861 0.7639741601621579 1.6701635383775562 2.7098843092174714 3.4030314897774168 1.7935935773433163 5.695515229112705 3.6907135622291976 6.755994648085371 4.491542424786769 2.7098843092174767 2.0167371286575313 1.803694931002079 3.749605080057392 2.6509927913892826 3.413132843436179 1.8778029031558006 4.3962322449824445 1.5523805027211726 5.359042992491492 4.891108545207255 4.69088577808406 4.396283262787706 4.144968834506799 4.401560319888549 3.477139461931144 4.096178670337368
-9999 -9999 -9999 -9999 -9999 -9999 -9999 -9999 -9999 -9999 -9999 -9999 -9999 -9999 -9999 -9999 -9999 -9999 -9999 -9999 -9999 -9999 -9999 1.803694931002079 1.3517098072590217 1.7347020595151272 2.0167371286575313 1.9366944209839951 2.081275649795103 3.403031489777422 4.789325850897312 4.596902940444596 11.504001916432529 1.7935935773433163 2.961147719693122 2.199058685451486 1.2058069124411972 2.016737128657526 2.42220223676569 3.1899892921219695 3.285248454121033 1.041554878955182 3.297619956314335 7.445602001940192 4.791058954885553 5.012469402211522 3.9420279905101094 3.161818415155273 3.7214852208959512 2.2091600391102433 4.132597332313498 1.8778029031558006 5.601989171101882 2.9330278605316864 2.7098843092174767 2.3044192011093125 1.7935935773433218 1.2058069124412027 4.4001926461985414 4.096178670337368 4.501643778445532
-9999 -9999 -9999 -9999 -9999 -9999 -9999 -9999 -9999 -9999 -9999 -9999 -9999 -9999 -9999 -9999 -9999 -9999 -9999 -9999 1.6112720205493616 1.803694931002079 2.6509927913892826 1.9578456108293372 1.3517098072590217 1.8778029031558006 2.5456322757314562 0.9163917360011761 0.8380821323158855 2.496842111562024 2.3044192011093125 3.0564578994974467 11.908455697593656 4.309220867992815 1.0051362169790519 0.9163917360011761 1.8778029031558006 0.9181248399894164 1.3881284692351517 1.5572047992790858 2.1220976443153523 1.6095389165611214 2.304419201109307 3.3441399719492275 8.001665388271247 2.1401671676232916 3.808496597885581 1.7935935773433163 4.378213739479766 4.4001926461985414 2.283268011263965 5.061791469023561 1.2646984302693918 2.5456322757314562 2.0167371286575313 0.9181248399894218 4.742856853067676 4.715217878743591 1.7935935773433218 0.6949812886752122 1.6701635383775562
-9999 -9999 -9999 -9999 -9999 -9999 -9999 -9999 -9999 -9999 -9999 -9999 -9999 2.3044192011093125 2.6509927913892826 1.7935935773433218 3.749605080057392 1.4571213407221033 1.1004463967833709 0.8380821323158799 2.016737128657526 2.016737128657526 0.9770163578176109 1.041554878955182 1.6701635383775562 1.7347020595151272 2.0756286464857205 2.1401671676232916 1.8778029031558006 1.6112720205493616 1.7935935773433218 12.25472569023936 2.304419201109307 1.9578456108293372 2.7940936350299554 1.698283397538997 1.1004463967833766 1.1846557225958554 1.1004463967833709 1.6982833975389913 2.7098843092174714 0.35850905205399364 0.8380821323158799 2.016737128657526 2.3633107189375013 9.384394683226642 -9999 8.121530361072518 7.187221123695683 5.616004424081781 5.5514659029442095 3.151717061496516 2.709884309217477 1.3235899480975861 1.1105477504421335 4.477843580428607 1.2058069124412027 3.1434692764870764 3.066559253156209 2.391430578098942 0.45859251061098183
-9999 -9999 -9999 -9999 -9999 -9999 -9999 -9999 -9999 -9999 -9999 -9999 -9999 1.5523805027211726 1.6112720205493671 4.037287152509173 1.457121340722109 5.600256067113642 4.20159020380045 2.3633107189375013 2.7098843092174714 2.8741363427034923 1.8989540930011426 1.1105477504421335 0.9163917360011761 2.0150040246692855 2.0150040246692855 2.496842111562024 3.4030314897774168 4.096178670337367 -9999 -9999 5.845378525146627 4.548163794080425 4.201539185995194 2.044856987818967 1.3235899480975861 2.245527683281118 1.3235899480975861 1.6112720205493616 1.6982833975389913 0.8051661008909515 1.041554878955182 1.1004463967833766 5.423581513629063 4.319322221651571 3.808496597885581 5.829046621737228 7.430116284500812 3.585353046571377 2.5557336293902186 2.0167371286575313 1.1004463967833766 5.048888064187653 4.757577152582733 1.0051362169790519 2.9874650280104955 3.130565871651169 2.8922058660114316 1.9366944209839951 1.2629653262811515
-9999 -9999 -9999 -9999 -9999 -9999 -9999 -9999 -9999 -9999 -9999 -9999 -9999 2.3044192011093125 4.848217368725502 2.6509927913892826 1.457121340722109 5.967980847238959 4.096178670337368 5.562515739130794 6.000896878663887 1.3235899480975806 2.6509927913892826 1.1846557225958554 0.8051661008909515 1.6701635383775562 2.7098843092174714 3.1798879384632124 -9999 -9999 -9999 -9999 4.096178670337367 0.9181248399894218 1.3517098072590217 4.902284589995777 3.739503726398635 2.8434157018419994 2.5557336293902186 2.3044192011093125 1.457121340722109 1.4470199870633464 0.7639741601621637 2.4503220959271315 4.1914888501416865 2.997566381669252 2.304419201109307 4.9290877932724655 2.1502685212820487 6.147500352855762 2.245527683281118 1.6112720205493671 5.196524062993717 4.538062440421663 4.655794458272791 4.201539185995194 3.490042866767052 2.5921012735610933 1.5572047992790916 1.6095389165611214 0.9181248399894218
-9999 -9999 -9999 -9999 -9999 -9999 -9999 -9999 -9999 -9999 -9999 -9999 -9999 -9999 2.0167371286575313 4.789325850897312 4.355740883627708 1.7935935773433218 2.1502685212820545 2.768775827045666 1.7935935773433163 7.578246476546487 2.7098843092174767 0.8592333221612274 0.7639741601621579 1.8989540930011426 3.9626472777128394 3.403031489777422 -9999 -9999 -9999 -9999 3.8084965978855867 2.3044192011093125 2.0167371286575313 1.7935935773433218 4.355740883627708 3.7597064337161545 3.8084965978855867 3.403031489777422 2.5557336293902186 1.6112720205493671 0.9163917360011761 2.0756286464857205 3.0463565458386843 2.42220223676569 1.3235899480975806 3.990818154679536 4.368644288463615 2.1401671676232916 7.054658601166645 6.471084424911039 5.259329480143048 3.654345918058328 3.2852484541210387 3.04635654583869 2.8922058660114316 1.5312293128758308 0.45859251061098183 1.9578456108293372 1.457121340722109
-9999 -9999 -9999 -9999 -9999 -9999 -9999 -9999 -9999 -9999 -9999 -9999 -9999 -9999 2.833314348183237 1.2058069124411972 1.2058069124411972 1.8989540930011481 2.199058685451486 2.8434157018419994 5.965178796061808 1.4571213407221033 1.3235899480975806 0.5126597318812575 3.403031489777422 -9999 -9999 -9999 -9999 -9999 -9999 3.4030314897774168 1.6112720205493671 2.245527683281118 1.1004463967833766 1.803694931002079 4.260430703823383 3.403031489777422 1.3235899480975861 1.2646984302693918 2.5456322757314562 1.803694931002079 2.044856987818967 2.283268011263965 2.42220223676569 1.8989540930011426 2.833314348183237 2.7098843092174714 2.997566381669252 4.037287152509173 4.2139617059937455 4.5227949682908735 5.307749698103942 4.250329350164626 2.864034989044735 1.7935935773433218 0.9181248399894218 1.9578456108293372 1.5312293128758308 1.1004463967833766 -9999
-9999 -9999 -9999 -9999 -9999 -9999 -9999 -9999 -9999 -9999 -9999 -9999 -9999 -9999 -9999 1.5523805027211726 1.1105477504421335 0.8380821323158855 1.3881284692351574 2.5557336293902186 3.403031489777422 -9999 2.833314348183237 1.3517098072590217 2.0167371286575313 -9999 -9999 -9999 -9999 -9999 -9999 6.447553927500845 4.607004294103358 4.555710999715807 4.347493098618274 4.566182299583103 1.8989540930011481 1.3235899480975861 3.498290651776486 2.3044192011093125 2.0167371286575313 1.7347020595151272 0.7639741601621579 1.3235899480975806 1.1004463967833709 0.10719462377308753 1.8625864488302677 1.6684304343893102 1.9366944209839894 2.9510463660343595 2.7098843092174714 3.3441399719492275 4.442752260617337 2.6509927913892826 2.833314348183237 2.7380041683789123 1.8625864488302735 1.3235899480975861 1.1004463967833766 -9999 -9999
-9999 -9999 -9999 -9999 -9999 -9999 -9999 -9999 -9999 -9999 -9999 -9999 -9999 -9999 -9999 -9999 1.3235899480975861 1.6112720205493671 1.9366944209839951 2.5921012735610933 3.749605080057392 3.0564578994974467 6.5680033383284675 2.8922058660114316 -9999 -9999 -9999 -9999 -9999 -9999 -9999 -9999 2.1502685212820545 1.3235899480975861 2.1401671676232916 1.457121340722109 2.4503220959271315 1.8989540930011481 1.1004463967833766 2.3633107189375013 1.0051362169790519 1.1105477504421335 1.1105477504421335 0.9181248399894164 0.8380821323158799 0.6141108641282425 0.2675372738482669 1.1517396911709215 1.3235899480975806 2.555733629390213 2.016737128657526 1.9366944209839894 2.9175236739957158 1.9578456108293372 2.0756286464857205 2.8741363427034923 1.9366944209839951 0.7639741601621637 -9999 -9999 -9999
-9999 -9999 -9999 -9999 -9999 -9999 -9999 -9999 -9999 -9999 -9999 -9999 -9999 -9999 -9999 -9999 1.3235899480975861 2.0167371286575313 2.1502685212820545 3.066559253156209 4.096178670337367 4.250329350164626 5.482473031457258 6.826207778158353 -9999 -9999 -9999 -9999 -9999 -9999 -9999 -9999 4.319322221651578 3.654345918058328 2.8922058660114316 3.2207099329834676 2.7098843092174767 2.3044192011093125 1.457121340722109 1.0051362169790519 0.9770163578176109 2.016737128657526 1.3517098072590217 1.2646984302693918 1.1846557225958554 1.5523805027211726 1.6701635383775562 1.041554878955182 1.8778029031558006 2.304419201109307 1.6112720205493616 1.4571213407221033 1.5312293128758252 2.7940936350299554 1.7347020595151272 1.7347020595151272 0.7538728065034012 1.1846557225958554 -9999 -9999 -9999
-9999 -9999 -9999 -9999 -9999 -9999 -9999 -9999 -9999 -9999 -9999 -9999 -9999 -9999 -9999 -9999 1.3517098072590217 1.3881284692351574 2.1502685212820545 2.997566381669258 4.414632401455902 5.359042992491492 2.0167371286575313 3.1153494173256413 -9999 -9999 -9999 -9999 -9999 -9999 -9999 -9999 2.0167371286575313 2.1401671676232916 1.1004463967833766 3.413132843436179 2.391430578098942 2.422202236765696 1.3881284692351574 1.0051362169790519 1.6112720205493616 2.892205866011426 1.8989540930011426 1.7935935773433163 1.6701635383775562 0.9770163578176109 1.2646984302693918 1.6701635383775562 1.4470199870633464 1.1004463967833709 0.9181248399894164 0.8380821323158799 0.9181248399894164 2.016737128657526 0.9163917360011761 1.1846557225958554 1.6701635383775562 -9999 -9999 -9999 -9999
-9999 -9999 -9999 -9999 -9999 -9999 -9999 -9999 -9999 -9999 -9999 -9999 -9999 -9999 -9999 -9999 1.6701635383775562 0.6585626266990763 0.5715512497094465 1.5523805027211726 1.8989540930011426 2.555733629390213 1.3517098072590217 1.3235899480975861 -9999 -9999 -9999 -9999 -9999 -9999 -9999 -9999 4.789325850897312 1.457121340722109 2.9764151918239103 2.7940936350299554 2.391430578098942 2.422202236765696 1.698283397538997 1.0051362169790519 1.5312293128758252 2.2243764934357704 2.016737128657526 2.586454270251711 1.8778029031558006 1.6701635383775562 0.9163917360011761 1.1105477504421335 1.3235899480975806 1.3235899480975806 1.6112720205493616 1.6701635383775562 1.5523805027211726 1.1004463967833709 1.3517098072590217 -9999 -9999 -9999 -9999 -9999 -9999
-9999 -9999 -9999 -9999 -9999 -9999 -9999 -9999 -9999 -9999 -9999 -9999 -9999 0.9163917360011761 0.7639741601621579 0.9181248399894164 1.0051362169790459 1.2058069124411972 0.6141108641282425 0.6585626266990763 0.8051661008909515 0.9181248399894164 1.1105477504421335 1.0051362169790519 -9999 -9999 -9999 -9999 -9999 -9999 -9999 -9999 -9999 4.724787329759741 3.536562882401945 1.7935935773433218 0.7639741601621637 0.8051661008909515 1.1846557225958554 0.8380821323158799 5.8896712435536624 6.0420888193926805 5.600256067113642 2.1990586854514804 2.1990586854514804 1.6112720205493616 1.5312293128758252 0.7639741601621579 1.6095389165611214 2.044856987818967 2.5456322757314562 2.9386748638410634 2.0167371286575313 1.457121340722109 -9999 -9999 -9999 -9999 -9999 -9999 -9999
-9999 -9999 -9999 -9999 -9999 -9999 -9999 -9999 -9999 -9999 -9999 0.9770163578176109 0.9181248399894164 1.2058069124411972 2.7098843092174714 2.1502685212820487 2.1502685212820487 2.1401671676232916 1.1846557225958554 0.8592333221612274 0.9163917360011761 0.8051661008909515 1.1105477504421335 2.3044192011093125 -9999 -9999 -9999 -9999 -9999 4.319322221651571 2.304419201109307 2.997566381669252 4.3838607427891425 8.730925986484873 1.6112720205493671 3.0564578994974467 2.3044192011093125 1.6112720205493671 0.9770163578176109 4.391458966229787 1.3235899480975806 1.1004463967833709 1.1004463967833709 3.9502757755195432 3.5571821696046806 3.403031489777422 2.42220223676569 2.6509927913892826 2.016737128657526 2.4278492400750724 2.6509927913892826 2.2091600391102433 1.6112720205493671 1.0051362169790519 -9999 -9999 -9999 -9999 -9999 -9999 -9999
-9999 -9999 -9999 -9999 -9999 -9999 -9999 -9999 -9999 -9999 0.5307292551891913 0.6141108641282425 1.8625864488302677 1.6112720205493616 2.592101273561088 2.7098843092174714 2.933027860531681 1.1004463967833709 0.9181248399894164 1.7935935773433163 1.5523805027211726 1.5312293128758308 2.997566381669258 -9999 -9999 -9999 -9999 -9999 4.096178670337362 2.1401671676232916 3.5264615287431824 2.016737128657526 4.655794458272784 8.75725648826375 4.848217368725502 2.8434157018419994 2.1037485056471614 1.8989540930011481 4.260430703823383 1.4571213407221033 2.016737128657526 2.304419201109307 4.176221378010898 1.041554878955182 1.3517098072590217 1.4470199870633464 4.973380511679508 4.501643778445532 4.096178670337367 3.2488808099501583 2.592101273561088 2.6509927913892826 2.1792560581553064 2.3044192011093125 3.403031489777422 -9999 -9999 -9999 -9999 -9999 -9999
-9999 -9999 -9999 -9999 -9999 -9999 -9999 -9999 -9999 1.1846557225958554 0.9163917360011761 1.7347020595151272 3.066559253156204 2.42220223676569 2.7098843092174714 2.592101273561088 3.2387794562914016 1.7935935773433163 1.6982833975389913 2.1401671676232916 0.8592333221612274 2.199058685451486 -9999 -9999 -9999 -9999 -9999 3.4030314897774168 1.4571213407221033 2.1401671676232916 2.555733629390213 2.4503220959271315 2.304419201109307 1.4571213407221033 8.182800001305674 2.496842111562024 1.1004463967833766 4.229178160319278 1.1846557225958554 2.7098843092174714 6.2345117298453925 7.209693979547742 7.1407011080607905 4.396283262787706 5.235612953525733 5.107779582015847 2.8922058660114316 2.997566381669258 2.0167371286575313 6.10098033722087 4.432650906958581 1.668430434389316 1.1004463967833766 0.7639741601621637 2.4867407579032617 -9999 -9999 -9999 -9999 -9999 -9999
-9999 -9999 -9999 -9999 -9999 -9999 -9999 -9999 1.7935935773433218 2.422202236765696 2.447520044749986 3.6907135622292033 5.845378525146627 6.352294765501776 4.442752260617337 3.161818415155273 1.2058069124411972 3.4030314897774168 2.1990586854514804 1.1846557225958554 2.7098843092174714 2.7098843092174767 -9999 -9999 -9999 3.4030314897774168 2.1502685212820487 0.9181248399894164 0.9163917360011761 0.6949812886752065 1.8989540930011426 2.304419201109307 2.016737128657526 2.1401671676232916 2.892205866011426 9.084736419728145 5.012469402211522 2.7098843092174767 1.1004463967833766 5.388946973446429 1.3517098072590217 3.4619230076056113 2.7098843092174767 1.1004463967833766 1.4470199870633464 1.803694931002079 1.9578456108293372 2.304419201109307 5.395461654467622 2.1401671676232916 3.2796014508116564 1.956112506841097 1.4571213407221089 1.5312293128758308 1.457121340722109 1.5523805027211726 -9999 -9999 -9999 -9999 -9999
-9999 -9999 -9999 -9999 -9999 -9999 -9999 -9999 1.4470199870633464 1.8989540930011481 2.6509927913892826 2.2091600391102433 2.997566381669258 4.414632401455902 6.538525705706572 5.987029042209653 6.2345117298453925 4.106280023996124 3.1899892921219695 1.6112720205493616 4.096178670337367 -9999 -9999 -9999 -9999 2.997566381669258 1.1004463967833766 1.4470199870633464 1.4470199870633464 1.5523805027211726 1.6112720205493616 1.1004463967833709 0.9181248399894164 0.8380821323158799 1.4571213407221033 3.4030314897774168 8.088202156803938 2.7098843092174767 2.0167371286575313 6.110459081175414 2.7380041683789123 2.3633107189375013 1.457121340722109 3.3441399719492275 2.0167371286575313 2.0167371286575313 2.1401671676232916 7.167331763670758 -9999 5.417934510319687 3.520814525433806 2.0167371286575317 1.8989540930011481 1.9366944209839951 2.0167371286575313 1.0051362169790519 -9999 -9999 -9999 -9999 -9999
-9999 -9999 -9999 -9999 -9999 -9999 -9999 -9999 1.803694931002079 1.9578456108293372 1.6701635383775562 2.0150040246692855 2.9023072196701887 3.297619956314335 3.2207099329834676 3.403031489777422 3.9626472777128448 6.013101282519428 7.020440643856304 5.194790959005477 -9999 -9999 -9999 -9999 -9999 3.403031489777422 1.2058069124412027 2.304419201109307 2.1401671676232916 1.2646984302693918 1.1846557225958554 1.1846557225958554 1.3517098072590217 1.2646984302693918 0.8592333221612274 2.8434157018419937 4.501643778445526 8.279512781544936 9.297434324042273 7.987998968447994 6.863545448595997 3.403031489777422 3.2207099329834676 1.4470199870633464 1.2646984302693918 2.6509927913892826 6.10098033722087 2.7098843092174767 6.398763763331408 4.555710999715807 0.6949812886752122 1.6293415438573011 1.6112720205493671 0.7639741601621637 2.7940936350299554 2.391430578098942 2.8922058660114316 -9999 -9999 -9999 -9999
