resources/Input/width_10.asc
NCOLS 173
NROWS 271
XLLCORNER 370028.416175232
YLLCORNER 7467393.285087761
CELLSIZE 30.055073733610097
NODATA_VALUE -9999
[rows 162 to 188 of 271, columns 0 to 59 of 173]
-9999 -9999 -9999 -9999 -9999 -9999 -9999 -9999 -9999 -9999 -9999 -9999 -9999 -9999 -9999 -9999 -9999 -9999 -9999 -9999 -9999 -9999 -9999 -9999 -9999 -9999 -9999 -9999 -9999 -9999 -9999 -9999 -9999 -9999 -9999 -9999 -9999 -9999 -9999 -9999 14725.797796356354 14425.247059020252 14124.69632168415 13824.145584348049 13523.594847011947 13223.044109675846 12922.493372339744 12621.942635003643 12321.391897667541 11771.85677715975 11471.306039823648 11170.755302487547 10621.220181979757 10320.669444643656 10020.118707307554 9719.567969971453 9419.017232635351 9118.46649529925 8817.915757963148 8517.365020627049
-9999 -9999 -9999 -9999 -9999 -9999 -9999 -9999 -9999 -9999 -9999 -9999 -9999 -9999 -9999 -9999 -9999 -9999 -9999 -9999 -9999 -9999 -9999 -9999 -9999 -9999 -9999 -9999 -9999 -9999 -9999 -9999 -9999 -9999 -9999 -9999 -9999 -9999 -9999 14901.85634210661 14601.305604770509 14300.754867434407 14000.204130098306 13699.653392762204 13399.102655426103 13098.551918090001 12798.0011807539 12497.450443417798 12196.899706081696 11896.348968745595 11346.813848237804 11046.263110901702 10745.7123735656 10196.177253057811 9895.62651572171 9595.075778385608 9294.525041049506 8993.974303713405 8693.423566377303 8392.872829041202
-9999 -9999 -9999 -9999 -9999 -9999 -9999 -9999 -9999 -9999 -9999 -9999 -9999 -9999 -9999 -9999 -9999 -9999 -9999 -9999 -9999 -9999 -9999 -9999 -9999 -9999 -9999 -9999 -9999 -9999 -9999 -9999 -9999 -9999 -9999 -9999 -9999 -9999 15326.899271028557 15026.348533692455 14476.813413184664 14176.262675848562 13875.71193851246 13575.16120117636 13274.610463840258 12974.059726504156 12673.508989168055 12372.958251831953 12072.407514495852 11771.85677715975 11471.306039823648 10921.770919315857 10621.220181979756 10320.669444643654 10020.118707307554 9719.567969971453 9419.017232635351 8869.48211212756 8568.931374791458 8268.380637455357
-9999 -9999 -9999 -9999 -9999 -9999 -9999 -9999 -9999 -9999 -9999 -9999 -9999 -9999 -9999 -9999 -9999 -9999 -9999 -9999 -9999 -9999 -9999 -9999 -9999 -9999 -9999 -9999 -9999 -9999 -9999 -9999 -9999 -9999 -9999 -9999 -9999 15751.942199950503 15451.391462614401 14901.85634210661 14601.305604770509 14051.770484262717 13751.219746926616 13450.669009590514 13150.118272254413 12849.567534918311 12549.01679758221 12248.466060246108 11947.915322910007 11647.364585573905 11346.813848237804 11046.263110901702 10496.72799039391 10196.17725305781 9895.626515721708 9595.075778385606 9045.540657877815 8744.989920541713 8444.439183205612 8143.88844586951
-9999 -9999 -9999 -9999 -9999 -9999 -9999 -9999 -9999 -9999 -9999 -9999 -9999 -9999 -9999 -9999 -9999 -9999 -9999 -9999 -9999 -9999 -9999 -9999 -9999 -9999 -9999 -9999 -9999 -9999 -9999 -9999 -9999 -9999 -9999 -9999 16425.96951204414 16125.418774708038 15326.899271028557 15026.348533692455 14476.813413184664 14176.262675848562 13875.71193851246 13326.17681800467 13025.626080668568 12725.075343332466 12424.524605996365 12123.973868660263 11823.423131324162 11522.87239398806 11222.321656651959 10921.770919315857 10621.220181979756 10071.685061471964 9771.134324135863 9470.583586799761 9170.03284946366 8869.482112127558 8568.931374791457 8268.380637455357
-9999 -9999 -9999 -9999 -9999 -9999 -9999 -9999 -9999 -9999 -9999 -9999 -9999 -9999 -9999 -9999 -9999 -9999 -9999 -9999 -9999 -9999 -9999 -9999 -9999 -9999 -9999 -9999 -9999 -9999 -9999 -9999 -9999 -9999 -9999 -9999 16301.477320458294 16000.926583122193 15700.375845786091 14901.85634210661 14601.305604770509 14051.770484262717 13751.219746926616 13450.669009590514 13150.118272254413 12600.583151746621 12300.03241441052 11999.481677074418 11698.930939738317 11398.380202402215 11097.829465066114 10797.278727730012 10496.72799039391 10196.17725305781 9895.626515721708 9595.075778385606 9294.525041049505 8993.974303713403 8693.423566377303 8392.872829041202
-9999 -9999 -9999 -9999 -9999 -9999 -9999 -9999 -9999 -9999 -9999 -9999 -9999 -9999 -9999 -9999 -9999 -9999 -9999 -9999 -9999 -9999 -9999 -9999 -9999 -9999 -9999 -9999 -9999 -9999 -9999 -9999 -9999 -9999 -9999 16477.53586620855 16176.98512887245 15876.434391536348 15575.883654200246 15275.332916864145 14476.813413184664 14176.262675848562 13875.71193851246 13575.16120117636 13025.626080668568 12725.075343332466 12424.524605996365 12123.973868660263 11823.423131324162 11522.87239398806 11222.321656651959 10921.770919315857 10621.220181979756 10320.669444643654 10020.118707307553 9719.567969971451 9419.01723263535 9294.525041049503 8817.915757963148 8268.380637455357
-9999 -9999 -9999 -9999 -9999 -9999 -9999 -9999 -9999 -9999 -9999 -9999 -9999 -9999 -9999 -9999 -9999 -9999 -9999 -9999 -9999 -9999 -9999 -9999 -9999 -9999 -9999 -9999 -9999 -9999 -9999 -9999 -9999 -9999 16902.578795130496 16353.043674622706 16052.492937286605 15751.942199950503 15451.391462614401 15150.8407252783 14850.289987942198 14549.739250606097 14249.188513269995 13948.637775933894 13648.087038597792 13098.551918090001 12798.0011807539 12497.450443417798 12196.899706081696 11896.348968745595 11346.813848237804 11046.263110901702 10745.7123735656 10445.161636229499 10144.610898893397 10020.11870730755 9719.56796997145 9595.075778385602 9118.466495299248 8392.872829041202
-9999 -9999 -9999 -9999 -9999 -9999 -9999 -9999 -9999 -9999 -9999 -9999 -9999 -9999 -9999 -9999 -9999 -9999 -9999 -9999 -9999 -9999 -9999 -9999 -9999 -9999 -9999 -9999 -9999 -9999 -9999 -9999 -9999 17327.621724052442 17276.055369888032 16477.535866208553 15928.00074570076 15627.450008364658 15326.899271028557 15026.348533692455 14725.797796356354 14425.247059020252 14124.69632168415 13824.145584348049 13523.594847011947 13223.044109675846 12673.508989168055 12372.958251831953 12072.407514495852 11771.85677715975 11471.306039823648 11346.813848237802 10870.204565151445 10569.653827815344 10445.161636229497 10569.653827815344 10020.118707307549 9543.509424221194 8817.915757963148 8328.490784922576
-9999 -9999 -9999 -9999 -9999 -9999 -9999 -9999 -9999 -9999 -9999 -9999 -9999 -9999 -9999 -9999 -9999 -9999 -9999 -9999 -9999 -9999 -9999 -9999 -9999 -9999 -9999 -9999 -9999 -9999 -9999 -9999 17928.72319872464 17452.11391563829 17151.563178302185 16851.012440966086 16052.492937286605 15751.942199950503 15451.391462614401 15150.8407252783 14601.305604770509 14300.754867434407 14000.204130098306 13699.653392762204 13399.102655426103 13098.551918090001 12798.0011807539 12497.450443417798 12196.899706081696 11896.348968745595 11595.798231409493 11295.247494073392 11170.755302487545 10870.204565151444 10745.712373565597 8799.425164623084 8498.874427286984 8198.323689950883 8073.831498365036 9032.573170749823
-9999 -9999 -9999 -9999 -9999 -9999 -9999 -9999 -9999 -9999 -9999 -9999 -9999 -9999 -9999 -9999 -9999 -9999 -9999 -9999 -9999 -9999 -9999 -9999 -9999 -9999 -9999 -9999 -9999 -9999 18478.258319232435 18177.707581896335 17628.17246138854 17503.680269802695 17027.070986716342 16726.52024938024 16425.96951204414 15876.434391536348 15575.883654200246 15026.348533692455 14725.797796356354 14425.247059020252 14124.69632168415 13824.145584348049 13523.594847011947 13223.044109675846 12922.493372339744 12621.942635003643 12321.391897667541 12020.84116033144 11720.290422995338 11595.798231409492 11295.24749407339 11170.755302487543 11295.24749407339 8674.93297303724 8374.382235701138 8073.831498365037 7773.2807610289365 7648.78856944309
-9999 -9999 -9999 -9999 -9999 -9999 -9999 -9999 -9999 -9999 -9999 -9999 -9999 -9999 -9999 -9999 -9999 -9999 -9999 -9999 -9999 -9999 -9999 -9999 -9999 -9999 -9999 19753.387105998274 19203.85198549048 18903.30124815438 18353.766127646588 18053.215390310488 17752.66465297439 17203.129532466595 17078.63734088075 16602.028057794396 16301.477320458294 16000.926583122193 15451.391462614401 15150.8407252783 13784.143710577184 13483.592973241082 14249.188513269995 13948.637775933894 13648.087038597792 13347.53630126169 13046.98556392559 12922.493372339743 12445.884089253386 12145.333351917285 12020.841160331438 11720.290422995336 12020.841160331438 11720.290422995336 8850.991518787496 8550.440781451394 8249.890044115293 7949.339306779191 7648.788569443091 7348.23783210699
-9999 -9999 -9999 -9999 -9999 -9999 -9999 -9999 -9999 -9999 -9999 -9999 -9999 -9999 -9999 -9999 -9999 -9999 -9999 -9999 -9999 -9999 -9999 -9999 -9999 19236.775949141058 19112.28375755521 18987.791565969364 19328.344177076327 18778.809056568534 18478.258319232435 17928.72319872464 17628.17246138854 17327.621724052442 16778.08660354465 16477.53586620855 16176.98512887245 15876.434391536348 15575.883654200246 13960.20225632744 13659.651518991339 13359.100781655237 13058.550044319136 12934.05785273329 12809.565661147442 13472.028492847536 13347.536301261689 11130.753428716684 10830.202691380582 13046.985563925587 12746.434826589486 12445.884089253384 12145.333351917283 12020.841160331436 8726.499327201649 8425.948589865548 8125.397852529446 7824.847115193345 7524.296377857245 7223.745640521144
-9999 -9999 -9999 -9999 -9999 -9999 -9999 -9999 -9999 -9999 -9999 -9999 -9999 -9999 -9999 -9999 -9999 -9999 -9999 -9999 -9999 -9999 -9999 21091.646727322062 19412.83449489131 19112.28375755521 18811.73302021911 18687.240828633265 18562.748637047418 18903.30124815438 18353.766127646588 18053.215390310488 17503.680269802695 17203.129532466595 16902.578795130496 16602.028057794396 16301.477320458294 16000.926583122193 13960.202256327442 13659.65151899134 13359.10078165524 13058.550044319138 12757.999306983036 12633.50711539719 12509.014923811343 12384.522732225496 11731.854903388885 11607.362711803038 10705.710499794737 10405.159762458636 10280.667570872789 10156.175379286942 9430.581713028894 8704.98804677085 8674.93297303724 8125.397852529447 7824.847115193346 7524.296377857246 7223.745640521145 6923.1949031850445
-9999 -9999 -9999 -9999 -9999 -9999 -9999 -9999 -9999 -9999 -9999 -9999 -9999 -9999 -9999 -9999 -9999 -9999 -9999 -9999 -9999 -9999 20666.603798400116 20542.11160681427 19464.400849055717 18987.791565969364 18687.240828633265 18386.690091297165 18262.19789971132 17712.66277920352 18478.258319232435 17928.72319872464 17628.17246138854 17327.621724052442 17027.070986716342 16726.520249380243 16602.028057794392 14810.288114171333 14509.737376835232 13535.159327405496 13234.608590069394 12934.057852733293 12633.507115397191 12332.95637806109 12208.464186475243 12083.971994889396 11783.421257553295 11306.811974466938 11182.319782881092 10280.66757087279 9980.11683353669 9855.624641950842 9731.132450364996 9005.538784106948 8279.945117848903 8249.890044115293 7949.339306779192 7648.788569443092 6828.757785332808 6528.207047996708
-9999 -9999 -9999 -9999 -9999 -9999 -9999 -9999 -9999 -9999 -9999 -9999 -9999 -9999 -9999 -9999 -9999 -9999 -9999 -9999 -9999 20490.545252649863 20366.053061064016 20241.56086947817 20117.068677892323 19039.35792013377 18562.748637047418 18262.19789971132 17961.64716237522 17661.096425039115 17287.619850281575 18053.215390310488 17752.66465297439 17452.11391563829 17327.621724052442 15286.897397257691 14986.34665992159 14685.795922585488 14385.245185249387 14084.694447913285 13110.11639848355 12809.565661147448 12509.014923811346 12208.464186475245 11907.913449139143 11783.421257553297 11482.870520217195 11182.319782881093 10881.769045544992 10156.175379286946 9855.624641950844 9555.073904614743 9430.581713028896 8881.046592521103 8580.495855185001 7854.902188926956 7554.3514515908555 7253.800714254755 6953.249976918654 6403.714856410862
-9999 -9999 -9999 -9999 -9999 -9999 -9999 -9999 -9999 -9999 -9999 -9999 -9999 -9999 -9999 -9999 -9999 -9999 -9999 -9999 -9999 20189.994515313763 20065.502323727917 19941.01013214207 19816.517940556223 18738.80718279767 18438.25644546157 18137.70570812547 17837.154970789372 17536.604233453272 17236.05349611717 16862.57692135963 16562.02618402353 16261.47544668743 15535.881780429383 15411.389588843536 14861.854468335745 14561.303730999643 14260.752993663542 13960.20225632744 13659.651518991339 12685.073469561603 12384.522732225501 12083.9719948894 11783.421257553298 11482.870520217197 11182.319782881095 11057.827591295249 10757.276853959147 10456.726116623046 10332.233925037199 9430.581713028896 9130.030975692796 9005.53878410695 8279.945117848903 8155.452926263055 7854.902188926955 7378.292905840601 6828.757785332808 6528.207047996708
-9999 -9999 -9999 -9999 -9999 -9999 -9999 -9999 -9999 -9999 -9999 -9999 -9999 -9999 -9999 -9999 -9999 -9999 -9999 -9999 -9999 20065.502323727917 19764.951586391817 19640.45939480597 19515.967203220123 18614.314991211824 18313.764253875725 18013.213516539625 17712.662779203525 17412.112041867425 17111.561304531326 16811.010567195222 16261.475446687431 15960.92470935133 15836.432517765483 15110.838851507437 14986.34665992159 14436.811539413799 14136.260802077697 13835.710064741595 13535.159327405494 13234.608590069392 12934.057852733291 12208.464186475245 11907.913449139143 11607.362711803042 11057.82759129525 10757.276853959149 10456.726116623047 10156.175379286946 10031.683187701099 9907.190996115252 9005.53878410695 8704.98804677085 8580.495855185003 7854.902188926956 7730.4099973411085 7429.859260005009 6953.249976918654 6403.714856410862
-9999 -9999 -9999 -9999 -9999 -9999 -9999 -9999 -9999 -9999 -9999 -9999 -9999 -9999 -9999 -9999 -9999 -9999 -9999 -9999 20241.56086947817 19941.01013214207 19640.45939480597 19339.90865746987 19215.416465884024 18914.865728547924 18189.272062289878 17888.721324953778 17588.17058761768 17287.61985028158 16987.06911294548 16686.51837560938 16385.967638273276 15836.432517765485 15535.881780429383 15411.389588843536 14685.79592258549 14136.260802077699 13835.710064741597 13711.21787315575 13410.667135819649 13110.116398483548 12809.565661147446 12509.014923811344 12208.464186475243 11482.870520217197 11182.319782881095 10881.769045544994 10332.233925037202 10031.6831877011 9731.132450365 9606.640258779153 8881.046592521105 8580.495855185003 8279.945117848903 7979.394380512802 7429.85926000501 7129.308522668909 6828.757785332808 6528.207047996708
-9999 -9999 -9999 -9999 -9999 -9999 -9999 -9999 -9999 -9999 -9999 -9999 -9999 22718.892605588408 22418.341868252308 22117.79113091621 21993.29893933036 -9999 -9999 20666.603798400116 20117.068677892323 19816.517940556223 19515.967203220123 19215.416465884024 18914.865728547924 18614.314991211824 18313.764253875725 18013.213516539625 17712.662779203525 17412.112041867425 16862.576921359632 16562.026184023533 16261.475446687431 15960.92470935133 15411.389588843538 15110.838851507437 14986.34665992159 14260.752993663544 13711.217873155752 13410.66713581965 13110.11639848355 12809.565661147448 12509.014923811346 12208.464186475245 11907.913449139143 11783.421257553297 11482.870520217195 10757.276853959149 10456.726116623047 9907.190996115256 9606.640258779154 9306.089521443053 9181.597329857206 8456.003663599158 8155.452926263057 7854.902188926956 7554.3514515908555 7253.800714254755 6953.249976918654 6652.699239582554
-9999 -9999 -9999 -9999 -9999 -9999 -9999 -9999 -9999 -9999 -9999 -9999 -9999 22843.384797174254 22293.84967666646 21993.29893933036 21692.74820199426 21392.197464658162 21091.646727322062 20542.11160681427 20241.56086947817 19941.01013214207 19640.45939480597 19339.90865746987 19215.416465884024 18489.82279962598 18189.27206228988 17888.72132495378 17588.17058761768 17287.61985028158 16987.06911294548 16686.51837560938 16136.983255101586 15836.432517765485 15535.881780429383 14986.346659921592 14685.79592258549 14561.303730999643 13835.710064741597 13535.159327405496 13234.608590069394 12685.073469561603 12384.522732225501 12083.9719948894 11783.421257553298 11482.870520217197 11182.319782881095 10632.784662373304 10332.233925037202 10031.6831877011 9482.14806719331 9181.597329857208 8881.046592521107 8580.495855185005 8279.945117848903 7979.394380512802 7678.843643176701 7554.351451590854 7253.800714254754 6953.2499769186525
-9999 -9999 -9999 -9999 -9999 -9999 -9999 -9999 -9999 -9999 -9999 -9999 -9999 22967.8769887601 22418.341868252308 22117.79113091621 21817.24039358011 21516.68965624401 20967.154535736216 20666.603798400116 20366.053061064016 20065.502323727917 19764.951586391817 19640.45939480597 19515.967203220123 18365.330608040134 18064.779870704035 17764.229133367935 17463.678396031835 17163.127658695732 16862.576921359632 16562.026184023533 16261.475446687431 15711.94032617964 15411.389588843538 15110.838851507437 14561.303730999645 14260.752993663544 13960.202256327442 13659.65151899134 13110.11639848355 12560.581277975758 12260.030540639656 11959.479803303555 11658.929065967453 11358.378328631352 11057.82759129525 10757.276853959149 10207.741733451358 9907.190996115256 9606.640258779154 9306.089521443053 9005.538784106951 8704.98804677085 8404.437309434748 8103.886572098648 7979.3943805128 7678.8436431767 7554.351451590854 7253.800714254752
-9999 -9999 -9999 -9999 -9999 -9999 -9999 -9999 -9999 -9999 -9999 -9999 -9999 -9999 22542.834059838155 22242.283322502055 21941.732585165955 21817.24039358011 21091.646727322062 20791.095989985963 20490.545252649863 20189.994515313763 20065.502323727917 19941.01013214207 19816.517940556223 18240.838416454288 17940.287679118188 17639.73694178209 17339.18620444599 17038.63546710989 16738.084729773786 16437.533992437686 16136.983255101586 15836.432517765485 15286.897397257693 14986.346659921592 14685.79592258549 14385.245185249389 14260.752993663542 13960.20225632744 12985.624206897704 12685.073469561603 12384.522732225501 12083.9719948894 11534.436874381609 11233.886137045507 10933.335399709405 10632.784662373304 10332.233925037202 10031.6831877011 9731.132450365 9430.581713028898 9130.030975692796 8829.480238356695 8704.988046770848 8404.437309434747 8279.9451178489 7979.3943805128 7854.902188926953 7554.351451590852
-9999 -9999 -9999 -9999 -9999 -9999 -9999 -9999 -9999 -9999 -9999 -9999 -9999 -9999 22843.384797174254 22542.834059838155 22242.283322502055 22117.79113091621 21216.13891890791 20915.58818157181 20791.095989985963 20490.545252649863 20366.053061064016 20241.56086947817 18665.881345376234 18365.330608040134 18064.779870704035 17515.24475019624 17214.69401286014 16914.143275524042 16613.592538187942 16313.041800851843 16012.491063515741 15711.94032617964 15411.389588843538 15110.838851507437 14810.288114171335 14685.795922585488 14561.303730999642 16244.387860081806 15943.837122745705 12809.565661147448 12509.014923811346 11959.479803303555 11658.929065967453 11358.378328631352 11057.82759129525 10757.276853959149 10456.726116623047 10156.175379286946 9855.624641950844 9907.190996115252 9606.64025877915 9306.08952144305 9005.538784106948 8704.988046770846 8580.495855185 8704.988046770846 8404.437309434747 9486.419963844706
-9999 -9999 -9999 -9999 -9999 -9999 -9999 -9999 -9999 -9999 -9999 -9999 -9999 -9999 23143.935534510354 22843.384797174254 22967.8769887601 21817.24039358011 21516.68965624401 21216.13891890791 20915.58818157181 20791.095989985963 20666.603798400116 20542.11160681427 18790.37353696208 18240.838416454288 17940.287679118188 17639.73694178209 17339.18620444599 17038.63546710989 16738.08472977379 16437.53399243769 16136.983255101586 15836.432517765485 15535.881780429383 15235.331043093282 15110.838851507435 14986.346659921588 15110.838851507435 16119.895668495961 15819.34493115986 15518.794193823758 12384.522732225501 12083.9719948894 11783.421257553298 11482.870520217197 13342.013195049616 13041.462457713515 12740.911720377413 12440.360983041312 12139.81024570521 11839.259508369109 11538.708771033007 11238.158033696905 10937.607296360804 10637.056559024702 10512.564367438856 10388.072175853009 9662.478509594963 9185.869226508607
-9999 -9999 -9999 -9999 -9999 -9999 -9999 -9999 -9999 -9999 -9999 -9999 -9999 -9999 23444.486271846454 23143.935534510354 23268.4277260962 21941.732585165955 21993.29893933036 21692.74820199426 21392.197464658162 21091.646727322062 20967.154535736216 19215.416465884027 18665.881345376234 18365.330608040134 18064.779870704035 17764.229133367935 17463.678396031835 17163.127658695736 16862.576921359636 16562.026184023533 16261.475446687431 15960.92470935133 17571.083001012055 17270.532263675956 16969.981526339856 16669.430789003756 16368.880051667653 15819.344931159862 15518.79419382376 15394.302002237913 15093.751264901812 14368.157598643766 14067.606861307664 13518.071740799873 13217.521003463771 12916.97026612767 12616.419528791568 12315.868791455467 12015.318054119365 11714.767316783264 11414.216579447162 11113.66584211106 10813.115104774959 10512.564367438858 10212.013630102756 10087.52143851691 9361.927772258863 9061.377034922762
-9999 -9999 -9999 -9999 -9999 -9999 -9999 -9999 -9999 -9999 -9999 -9999 -9999 -9999 -9999 23869.5292007684 23568.9784634323 22242.283322502055 22117.79113091621 21817.24039358011 21516.68965624401 21392.197464658162 21516.68965624401 19090.92427429818 18790.37353696208 18489.82279962598 18189.27206228988 20048.414737122293 19747.863999786194 19447.313262450094 19146.762525113994 18846.211787777895 18721.719596192048 18597.2274046062 17695.575192597902 17395.024455261802 17094.473717925703 16793.9229805896 16244.387860081808 15943.837122745706 15394.302002237915 15093.751264901814 14969.259073315967 14668.708335979865 13943.11466972182 13642.563932385718 13342.013195049616 13041.462457713515 12740.911720377413 12440.360983041312 12139.81024570521 11839.259508369109 11289.724387861317 10989.173650525216 10688.622913189114 10388.072175853013 10087.521438516911 9786.97070118081 9486.419963844708 8936.884843336917
