resources/Input/width_10.asc
NCOLS 173
NROWS 271
XLLCORNER 370028.416175232
YLLCORNER 7467393.285087761
CELLSIZE 30.055073733610097
NODATA_VALUE -9999
[rows 108 to 134 of 271, columns 60 to 119 of 173]
-9999 -9999 -9999 -9999 -9999 -9999 -9999 -9999 -9999 -9999 -9999 -9999 -9999 -9999 -9999 -9999 -9999 -9999 -9999 -9999 -9999 -9999 -9999 -9999 -9999 -9999 7034.871404816677 6734.320667480576 6433.769930144475 6309.277738558629 6008.727001222528 4256.98893137034 3956.4381940342387 3655.8874566981376 3355.3367193620365 3054.7859820259355 2930.2937904400883 2672.247345996184 2972.798083332285 3698.3917495903306 3998.9424869264317 4299.493224262533 4423.98541584838 4973.520536356172 5274.071273692272 5523.940395629 6000.549678715355 6125.041870301202 6425.5926076373025 6726.143344973403 7026.694082309504 7327.244819645604 7627.795556981705 7928.346294317806 8953.605959146917 10250.094229169783 11400.730824349774 11525.22301593562 11825.773753271722 12591.88756127002
-9999 -9999 -9999 -9999 -9999 -9999 -9999 -9999 -9999 -9999 -9999 -9999 -9999 -9999 -9999 -9999 -9999 -9999 -9999 -9999 -9999 -9999 -9999 -9999 -9999 7210.929950566931 6910.379213230831 6609.82847589473 6309.27773855863 6008.727001222529 5884.234809636682 5583.684072300582 5283.133334964481 3780.379648283983 3479.828910947882 3531.3952651122886 3230.8445277761875 2702.3024197297937 3097.2902749181303 3397.8410122542314 3698.3917495903324 3998.9424869264335 4548.477607434225 4849.028344770326 5149.5790821064265 6124.157131536163 6424.707868872264 6725.258606208365 7025.809343544465 7326.360080880566 7626.9108182166665 7927.461555552767 8228.012292888869 8528.56303022497 9825.051300247836 10975.687895427827 11100.180087013674 11400.730824349776 11701.281561685877 11825.773753271724
-9999 -9999 -9999 -9999 -9999 -9999 -9999 -9999 -9999 -9999 -9999 -9999 -9999 -9999 -9999 -9999 -9999 -9999 -9999 -9999 -9999 -9999 -9999 -9999 -9999 5994.508304533878 5693.957567197777 5393.406829861677 6184.785546972784 5884.234809636683 5583.684072300583 5283.133334964482 4982.582597628381 4858.090406042535 4132.496739784488 3831.946002448388 3531.395265112287 2732.3574934634034 3397.8410122542296 3522.3332038400767 3822.883941176178 4123.434678512279 4423.9854158483795 4724.53615318448 5699.114202614217 5999.664939950318 6300.215677286418 6600.766414622519 6901.317151958619 7201.86788929472 7502.418626630821 7802.969363966921 8103.520101303022 9400.00837132589 9700.559108661992 10675.137158091728 10975.687895427829 11276.23863276393 11400.730824349777 11701.281561685879
-9999 -9999 -9999 -9999 -9999 -9999 -9999 -9999 -9999 -9999 -9999 -9999 -9999 -9999 -9999 -9999 -9999 -9999 -9999 -9999 -9999 -9999 -9999 -9999 -9999 5870.016112948032 5569.465375611931 5268.914638275831 4968.36390093973 6008.727001222529 5459.191880714737 5158.641143378636 4858.0904060425355 4557.539668706435 4256.988931370334 3363.5140418692154 3062.9633045331143 2762.4125671970132 3698.391749590329 3822.883941176176 3947.376132762023 4247.926870098124 4973.52053635617 5274.071273692271 5574.622011028371 5875.172748364472 6175.723485700572 6476.274223036673 6776.824960372774 7077.375697708874 7377.926435044975 7678.477172381075 8974.965442403944 9275.516179740045 10250.094229169781 10550.644966505883 10851.195703841984 10975.68789542783 11276.238632763932 11752.847915850287
-9999 -9999 -9999 -9999 -9999 -9999 -9999 -9999 -9999 -9999 -9999 -9999 -9999 -9999 -9999 -9999 -9999 -9999 -9999 -9999 -9999 -9999 -9999 -9999 -9999 5745.523921362186 5444.973184026086 5144.422446689985 4843.871709353884 4543.320972017784 5583.684072300583 5283.133334964482 4982.582597628381 3320.1250102119848 3195.6328186261376 3165.5777448925273 3093.018378266724 2792.467640930623 3998.942486926428 4123.434678512275 4247.926870098123 4548.4776074342235 4849.028344770324 5149.579082106425 5450.129819442525 5750.680556778626 6051.231294114727 6351.782031450827 6652.332768786928 6952.883506123028 7253.434243459129 8549.922513481997 9524.500562911733 9825.051300247835 10125.602037583936 10250.094229169783 10550.644966505884 10851.195703841984 11151.746441178086 11452.297178514187
-9999 -9999 -9999 -9999 -9999 -9999 -9999 -9999 -9999 -9999 -9999 -9999 -9999 -9999 -9999 -9999 -9999 -9999 -9999 -9999 -9999 -9999 -9999 -9999 6170.566850284133 5870.016112948032 5320.48099244024 5019.930255104139 4719.379517768039 4418.828780431938 4118.278043095837 3796.7342932983415 3496.1835559622405 3195.6328186261394 2895.0820812900383 2865.027007556428 2834.971933822818 3093.0183782667223 4299.493224262527 4423.985415848375 4548.477607434223 4672.969799020069 4973.52053635617 5274.071273692271 5574.622011028371 6124.157131536163 6424.707868872264 6476.274223036673 6776.824960372774 7077.375697708874 8124.87958456005 9099.457633989787 9400.008371325888 9700.55910866199 9825.051300247836 10125.602037583938 10426.152774920038 10726.70351225614 11027.25424959224 11327.804986928342
-9999 -9999 -9999 -9999 -9999 -9999 -9999 -9999 -9999 -9999 -9999 -9999 -9999 -9999 -9999 -9999 -9999 -9999 -9999 -9999 -9999 -9999 -9999 -9999 -9999 5745.523921362186 5444.973184026086 4895.438063518293 4594.887326182193 4294.336588846092 3993.7858515099915 3693.2351141738905 3620.675747548086 3320.1250102119848 2925.137155023648 3165.5777448925273 3135.522671158917 3393.5691156028215 3518.0613071886687 4724.536153184474 4849.028344770322 4973.520536356169 5098.012727942016 5398.563465278116 5699.114202614217 5999.664939950318 6300.215677286418 6849.7507977942105 7399.285918302003 7699.836655638103 8674.41470506784 8974.965442403942 9099.457633989789 9400.00837132589 9700.559108661992 10001.109845998091 10301.660583334193 10602.211320670294 10902.762058006396 11203.312795342497
-9999 -9999 -9999 -9999 -9999 -9999 -9999 -9999 -9999 -9999 -9999 -9999 -9999 -9999 -9999 -9999 -9999 -9999 -9999 -9999 -9999 -9999 -9999 -9999 -9999 5456.537664419633 5320.48099244024 5019.930255104138 4719.379517768038 4418.828780431937 4118.278043095836 3817.727305759736 3268.192185251944 2967.641447915843 3225.6878923597474 3526.2386296958484 3436.0734084950163 3560.5656000808635 3818.612044524768 5025.086890520573 5149.579082106422 5274.071273692269 5398.5634652781155 5523.055656863962 5823.606394200063 6124.157131536163 6424.707868872264 6974.242989380056 7274.793726716157 8249.371776145894 8549.922513481995 8674.414705067842 8974.965442403944 9275.516179740043 9576.066917076145 9876.617654412246 10177.168391748348 10477.71912908445 10778.26986642055 11078.820603756652
-9999 -9999 -9999 -9999 -9999 -9999 -9999 -9999 -9999 -9999 -9999 -9999 -9999 -9999 -9999 -9999 -9999 -9999 -9999 -9999 -9999 -9999 -9999 -9999 9363.54545261517 5155.986927083534 5031.494735497687 4895.438063518293 4594.887326182193 4294.336588846092 3993.7858515099915 3693.2351141738905 3392.6843768377894 2997.6965216494527 3526.2386296958466 3650.730821281694 3951.281558617795 3861.116337416963 4119.162781860867 5325.637627856673 5699.114202614215 5574.622011028368 5699.114202614215 5823.606394200062 5948.098585785909 6248.649323122009 6549.20006045811 6849.7507977942105 7824.328847223947 8124.879584560049 8249.371776145896 8549.922513481997 8850.473250818097 9151.023988154198 9451.5747254903 9752.125462826401 10052.676200162503 10353.226937498604 10653.777674834706 11701.281561685879
-9999 -9999 -9999 -9999 -9999 -9999 -9999 -9999 -9999 -9999 -9999 -9999 -9999 -9999 -9999 -9999 -9999 -9999 -9999 -9999 -9999 8689.51814052153 8814.010332107377 8938.502523693223 6512.73714174739 5031.494735497688 4730.943998161588 4606.45180657574 4263.396776347447 4418.828780431938 4118.278043095837 3723.2901879075002 3422.739450571399 3027.7515953830625 3422.739450571399 3723.2901879075002 4075.7737502036402 4376.324487539741 4419.713519196966 5626.188365192773 5999.664939950315 5875.172748364468 5999.664939950315 6124.157131536162 6248.649323122008 6373.141514707855 6673.692252043956 7399.285918302001 7699.8366556381025 7824.328847223949 8124.87958456005 8425.43032189615 8725.981059232252 9026.531796568353 9327.082533904455 9627.633271240556 9928.184008576658 10975.68789542783 11276.238632763932 11576.789370100034
-9999 -9999 -9999 -9999 -9999 -9999 -9999 -9999 -9999 -9999 -9999 -9999 -9999 -9999 10389.689856209321 10089.13911887322 9539.603998365428 9239.053261029327 9114.56106944348 8814.010332107378 8513.459594771277 8388.96740318543 8513.459594771277 8637.951786357124 8513.459594771277 6087.694212825443 4606.451806575742 4305.901069239641 4181.408877653794 3838.3538474254997 3713.8616558396525 3370.8066256113584 3070.2558882752573 3328.3023327191618 3452.794524305009 3847.7823794933456 4148.333116829446 4448.883854165547 4801.367416461688 5926.7391025288725 6300.215677286415 6175.723485700568 6300.215677286415 6424.707868872261 6549.200060458108 6673.692252043955 6798.1844436298015 7098.735180965902 7399.285918302003 7699.836655638103 8000.387392974204 8300.938130310305 8601.488867646407 8902.039604982509 9202.59034231861 10250.094229169783 10550.644966505884 10851.195703841986 11151.746441178087 11452.297178514189
-9999 -9999 -9999 -9999 -9999 -9999 -9999 -9999 -9999 -9999 -9999 -9999 -9999 -9999 10265.197664623474 9964.646927287375 9664.096189951273 9114.561069443482 8814.01033210738 8513.459594771279 8212.908857435177 8088.4166658493305 8212.908857435177 8088.4166658493305 8212.908857435177 5787.1434754893435 5662.651283903497 4181.408877653796 3880.8581403176945 3756.3659487318473 3413.3109185035532 3112.760181167452 3370.8066256113566 3671.3573629474577 3971.9081002835587 4272.45883761966 4272.825308415292 4573.376045751393 5423.095432799653 5723.646170135754 6600.766414622514 6476.2742230366675 6600.766414622514 6974.2429893800545 7523.778109887849 7223.227372551748 7098.735180965901 7399.285918302001 7523.778109887849 7824.328847223949 8124.87958456005 8425.43032189615 8725.981059232252 9026.531796568353 9825.051300247836 10125.602037583938 10426.15277492004 10726.703512256141 11027.254249592243 11327.804986928344
-9999 -9999 -9999 -9999 -9999 -9999 -9999 -9999 -9999 -9999 -9999 -9999 -9999 -9999 10140.70547303763 9840.154735701528 9539.603998365426 8990.068877857635 8689.518140521533 8388.967403185432 8088.416665849331 7787.865928513231 7663.373736927384 7787.865928513231 8088.416665849331 5486.592738153244 5362.100546567397 5237.60835498155 3756.365948731849 3455.815211395748 3155.264474059647 3413.3109185035514 3671.357362947456 3971.908100283557 4272.458837619658 4396.951029205506 4697.501766541606 4998.052503877707 5298.603241213807 5599.153978549908 5899.704715886009 6200.255453222109 6901.317151958614 7948.821038809795 7648.270301473694 7523.778109887848 7399.285918302001 7699.836655638101 7824.328847223947 8124.879584560049 8249.371776145896 8549.922513481997 8850.473250818099 9400.00837132589 9700.559108661992 10001.109845998093 10301.660583334195 10602.211320670296 10902.762058006398 11203.3127953425
-9999 -9999 -9999 -9999 -9999 -9999 -9999 -9999 -9999 -9999 -9999 -9999 -9999 -9999 -9999 9715.662544115683 9415.111806779581 9114.56106944348 7963.9244742634855 7663.373736927385 7362.822999591284 7238.330808005438 7362.822999591284 7663.373736927385 5486.592738153245 5362.100546567397 5061.549809231297 4937.057617645451 3786.421022465459 3485.870285129358 3185.319547793257 3713.8616558396507 3971.908100283555 4272.458837619656 4573.009574955757 4873.560312291857 5174.111049627958 5122.544695463553 5423.095432799653 5723.646170135754 6024.1969074718545 6324.747644807955 6625.298382144056 8073.313230395641 7948.821038809794 7824.328847223947 7699.836655638101 8000.3873929742 8124.879584560047 8249.371776145894 8549.922513481995 8674.414705067842 8974.965442403944 9275.516179740045 9576.066917076147 9876.617654412248 10177.16839174835 10477.719129084451 10778.269866420553 11078.820603756654
-9999 -9999 -9999 -9999 -9999 -9999 -9999 -9999 -9999 -9999 -9999 -9999 -9999 -9999 -9999 9840.154735701528 9715.662544115681 9415.11180677958 7839.43228267764 7538.881545341539 7238.3308080054385 6937.780070669338 6813.287879083491 6087.694212825445 5362.100546567399 5061.549809231298 4760.999071895198 4636.506880309351 3910.9132140513043 3610.3624767152032 3215.3746215268666 3610.3624767152032 4272.458837619654 4573.009574955755 4697.501766541603 4998.052503877703 5267.663428715163 5568.214166051263 5868.764903387364 6169.315640723465 6148.6890990577 6449.239836393801 6749.790573729902 8373.86396773174 8249.371776145894 8124.879584560047 8000.3873929742 8549.922513481994 8425.430321896147 8549.922513481994 8674.41470506784 8974.965442403942 9099.457633989789 9400.00837132589 9700.559108661992 10001.109845998093 10301.660583334195 10602.211320670296 10902.762058006398 11203.3127953425
-9999 -9999 -9999 -9999 -9999 -9999 -9999 -9999 -9999 -9999 -9999 -9999 -9999 -9999 -9999 -9999 10265.197664623474 8264.475211599587 7714.940091091794 7414.389353755693 7113.838616419593 6813.287879083492 6512.737141747391 5787.143475489345 5486.592738153245 4937.057617645452 4636.506880309352 4335.956142973251 4211.4639513874035 3257.8789144190614 3515.925358862966 3640.417550448813 3940.968287784914 4241.519025121015 4542.069762457116 4842.620499793216 5143.171237129317 5443.721974465418 5744.272711801518 6293.8078323093105 6594.358569645411 6894.909306981512 6874.282765315747 8674.41470506784 8549.922513481994 8425.430321896147 8300.9381303103 8850.473250818093 8725.981059232246 8850.473250818093 8974.96544240394 9275.516179740041 9400.008371325888 9524.500562911735 9825.051300247836 10125.602037583938 10426.15277492004 10726.703512256141 11027.254249592243 11327.804986928344
-9999 -9999 -9999 -9999 -9999 -9999 -9999 -9999 -9999 -9999 -9999 -9999 -9999 -9999 -9999 -9999 -9999 8139.98302001374 7839.43228267764 7538.881545341539 7238.3308080054385 6937.780070669338 6388.244950161546 6087.694212825445 5362.100546567399 5061.549809231298 4760.999071895198 4636.506880309351 3300.3832073112562 3558.4296517551606 3816.476096199065 3940.9682877849123 4065.4604793707595 4366.01121670686 4666.561954042961 5392.155620301006 5692.7063576371065 5568.214166051263 5868.764903387364 6169.315640723465 6718.850761231257 7019.4014985673575 7319.952235903458 7299.325694237694 8850.473250818093 8725.981059232246 9275.51617974004 9151.023988154193 9026.531796568346 9151.023988154193 9275.51617974004 9576.066917076141 9700.559108661988 9825.051300247835 9949.543491833681 10250.094229169783 10550.644966505884 10851.195703841986 11151.746441178087 -9999
-9999 -9999 -9999 -9999 -9999 -9999 -9999 -9999 -9999 -9999 -9999 -9999 -9999 -9999 -9999 -9999 -9999 7766.506445256203 7465.955707920102 7165.404970584002 6864.854233247901 6564.3034959118 6263.7527585757 5963.202021239599 5662.651283903499 5362.100546567398 5061.549809231297 3725.4261362332027 3330.438281044866 3858.98038909126 3983.472580677107 4241.5190251210115 4366.011216706858 4666.561954042959 4967.1126913790595 5267.66342871516 5568.214166051261 5868.764903387361 6169.315640723462 6469.8663780595625 6770.417115395663 7143.893690153203 10170.760546771231 10295.252738357078 10595.80347569318 10720.295667279026 10844.787858864873 9451.574725490293 9576.06691707614 9700.559108661986 9576.06691707614 9876.61765441224 10001.109845998088 10125.602037583934 10250.094229169781 10374.586420755628 10675.13715809173 10975.68789542783 11276.238632763932 -9999
-9999 -9999 -9999 -9999 -9999 -9999 -9999 -9999 -9999 -9999 -9999 -9999 -9999 -9999 -9999 -9999 -9999 7890.998636842049 7590.447899505948 7289.897162169847 6989.346424833747 6688.795687497646 6388.244950161546 6087.694212825445 5787.143475489344 5486.592738153244 5362.100546567397 3372.942573937061 3630.9890183809653 4159.531126427359 4284.023318013206 4542.069762457111 4666.561954042958 4967.112691379059 5692.706357637105 5993.257094973205 6542.792215480998 6843.342952817098 7143.893690153199 7444.444427489299 7744.9951648254 9569.65907209903 9870.209809435131 10170.760546771233 10295.25273835708 10419.744929942926 11746.440070873172 12046.990808209273 10125.602037583933 10001.109845998086 9876.617654412239 10177.16839174834 10301.660583334187 10426.152774920034 10550.64496650588 10675.137158091728 10799.629349677574 11100.180087013676 -9999 -9999
-9999 -9999 -9999 -9999 -9999 -9999 -9999 -9999 -9999 -9999 -9999 -9999 -9999 -9999 -9999 -9999 -9999 8015.4908284278945 7714.940091091794 7414.389353755693 7113.838616419593 6989.346424833746 6688.795687497644 6212.186404411291 6087.694212825444 5787.1434754893435 3797.9855028590073 3402.9976476706706 3931.5397557170645 4460.081863763458 4584.574055349305 4709.066246935153 4967.112691379058 5267.663428715158 5568.214166051259 6117.749286559051 6418.300023895152 6718.850761231252 7019.401498567353 7319.952235903454 7620.502973239554 9269.10833476293 9569.659072099032 9870.209809435133 9994.70200102098 11321.397141951225 11621.947879287327 11922.498616623428 12223.04935395953 12347.541545545377 12824.150828631733 12948.64302021758 13073.135211803427 13798.72887806147 10851.19570384198 10975.687895427827 -9999 -9999 -9999 -9999
-9999 -9999 -9999 -9999 -9999 -9999 -9999 -9999 -9999 -9999 -9999 -9999 -9999 -9999 8734.158381739426 8609.666190153579 8309.115452817477 8008.564715481378 8133.0569070672245 7538.881545341539 7414.389353755692 7113.838616419591 6989.346424833744 4213.599899713108 4523.579169117054 4223.028431780954 3445.5019405628655 3703.54838500677 3828.040576592617 4760.632601099558 4885.124792685405 5009.616984271252 5134.109175857099 5392.155620301004 5692.706357637105 5993.257094973205 6293.807832309306 6594.3585696454065 7392.8780733248905 7693.428810660991 8844.065405840984 8968.55759742683 9269.108334762932 9569.659072099033 10896.354213029279 11196.90495036538 11497.455687701482 11798.006425037584 11922.49861662343 12046.990808209277 12523.600091295633 12648.09228288148 13373.685949139524 13674.236686475626 13974.787423811727 -9999 -9999 -9999 -9999 -9999
-9999 -9999 -9999 -9999 -9999 -9999 -9999 -9999 -9999 -9999 -9999 -9999 9034.709119075527 8910.21692748968 8609.666190153579 8309.11545281748 8008.564715481378 7708.013978145278 7832.506169731125 6432.885191379439 5106.190050449195 4556.654929941404 4256.104192605303 3955.5534552692015 3788.5569707911613 3488.0062334550603 3746.0526778989647 4004.099122342869 4128.591313928717 4253.0835055145635 5185.6755300215045 5310.167721607351 5434.659913193198 5692.706357637104 5817.1985492229505 6117.749286559051 6667.284407066843 6967.835144402944 7268.385881739045 7568.936619075145 8543.514668504884 9870.20980943513 10170.760546771231 10471.311284107333 10595.80347569318 10896.35421302928 11196.904950365382 11497.455687701484 11621.94787928733 12098.557162373687 12223.049353959534 12948.643020217578 13249.19375755368 13549.744494889781 13850.295232225883 -9999 -9999 -9999 -9999 -9999
-9999 -9999 -9999 -9999 -9999 -9999 -9999 -9999 -9999 -9999 -9999 8858.650573325274 8734.158381739428 8609.66619015358 8309.11545281748 8008.56471548138 7708.013978145278 7407.463240809178 7282.971049223332 6733.4359287155385 6007.842262457492 4681.147121527249 4131.612001019457 3831.061263683356 3530.510526347255 4171.095606820912 4046.603415235064 4304.649859678968 4429.142051264816 4553.634242850663 4678.12643443651 5610.718458943451 5735.210650529298 5993.2570949732035 6117.74928655905 6242.241478144897 6542.792215480998 6843.342952817098 7143.893690153199 8118.471739582937 9445.166880513183 9569.65907209903 9870.209809435131 10170.760546771233 10295.25273835708 10595.803475693181 10896.354213029283 11196.904950365384 11497.455687701486 11798.006425037587 12523.600091295632 12824.150828631733 12948.64302021758 13249.193757553681 13549.744494889783 13850.295232225884 -9999 -9999 -9999 -9999
-9999 -9999 -9999 -9999 -9999 -9999 -9999 -9999 -9999 -9999 9034.70911907553 8734.15838173943 8433.607644403328 8309.115452817481 8008.56471548138 7708.01397814528 7407.463240809178 7106.912503473079 6982.420311887232 6432.885191379439 5707.291525121393 4981.697858863347 4256.104192605302 3955.5534552692015 3560.565600080865 4471.64634415701 4347.154152571164 4471.64634415701 4729.692788600914 4854.184980186763 4978.67717177261 5911.269196279551 6418.30002389515 6293.807832309303 6418.30002389515 6542.792215480997 6667.284407066843 6967.835144402944 7693.42881066099 7993.979547997091 9144.616143177083 9269.10833476293 9569.659072099032 9870.209809435133 10170.760546771235 10471.311284107336 10771.862021443438 11072.41275877954 11372.96349611564 11673.514233451742 12223.049353959532 12523.600091295633 12824.150828631735 13124.701565967836 13425.252303303938 14150.845969561984 -9999 -9999 -9999 -9999
-9999 -9999 -9999 -9999 -9999 -9999 -9999 -9999 -9999 9210.767664825788 8910.216927489686 8609.666190153584 8309.115452817483 8008.564715481381 7708.013978145281 7407.46324080918 7106.91250347308 6982.420311887232 6681.869574551132 6132.334454043339 5406.740787785294 5282.248596199446 4556.654929941401 4256.1041926053 3590.6206738144747 4772.19708149311 4647.704889907263 4772.19708149311 5030.243525937014 5154.735717522861 5279.227909108709 6211.81993361565 6718.85076123125 6594.358569645403 6967.835144402943 6843.342952817096 6967.835144402943 7268.385881739044 7568.936619075144 7869.487356411245 8844.065405840984 8968.55759742683 9269.10833476293 9569.659072099032 9870.209809435133 10170.760546771235 10896.354213029283 11196.904950365384 11497.455687701484 11798.006425037585 11922.498616623432 12223.049353959534 12523.600091295635 12824.150828631737 13124.701565967838 13425.25230330394 14575.88889848393 -9999 -9999 -9999
-9999 -9999 -9999 -9999 -9999 -9999 -9999 -9999 -9999 9335.259856411632 9034.70911907553 8734.15838173943 8433.607644403328 7884.072523895536 7583.521786559435 7282.971049223334 6982.420311887234 6681.869574551133 6381.3188372150325 5831.78371670724 5707.291525121393 4981.697858863347 4681.147121527247 4015.663602736421 3620.6757475480845 4015.663602736421 4316.214340072522 4616.765077408622 5197.2400104150565 6222.499675244169 6346.991866830017 6512.37067095175 7019.401498567349 6894.909306981503 7268.385881739043 7143.893690153196 7268.385881739043 7392.87807332489 7693.42881066099 7993.979547997091 8543.514668504884 8844.065405840984 9144.616143177085 9445.166880513187 9745.717617849288 10046.26835518539 10346.819092521491 10896.354213029283 11196.904950365384 11497.455687701486 11798.006425037587 12098.557162373689 12399.10789970979 12699.658637045892 13000.209374381993 13300.760111718095 13601.310849054196 -9999 -9999 -9999
-9999 -9999 -9999 -9999 -9999 -9999 -9999 -9999 -9999 9459.752047997477 9159.201310661376 8858.650573325274 8309.115452817483 8008.564715481381 7708.013978145281 7158.4788576374885 6857.928120301388 6557.377382965287 6256.826645629187 5956.275908293086 5406.740787785294 5106.190050449193 4981.6978588633465 3663.1800404402793 3921.2264848841837 4045.718676470031 4346.2694138061315 4646.820151142232 5797.456746322223 5921.948937908071 6222.499675244171 6523.050412580272 7072.585533088064 7373.136270424165 7568.9366190751425 7693.428810660989 7568.9366190751425 7693.428810660989 7817.921002246836 8118.471739582937 8419.022476919037 8719.573214255139 9020.12395159124 9320.674688927342 9870.209809435133 10170.760546771235 10471.311284107336 10771.862021443438 11072.41275877954 11798.006425037585 12098.557162373687 12399.107899709788 12523.600091295635 12824.150828631737 13124.701565967838 13850.295232225884 14150.845969561986 14451.396706898087 -9999 -9999
