resources/Input/width_10.asc
NCOLS 173
NROWS 271
XLLCORNER 370028.416175232
YLLCORNER 7467393.285087761
CELLSIZE 30.055073733610097
NODATA_VALUE -9999
[rows 189 to 215 of 271, columns 0 to 59 of 173]
-9999 -9999 -9999 -9999 -9999 -9999 -9999 -9999 -9999 -9999 -9999 -9999 -9999 -9999 -9999 24170.0799381045 22667.326251424 22542.834059838155 22242.283322502055 21941.732585165955 21817.24039358011 21692.74820199426 21817.24039358011 19215.416465884027 19090.92427429818 20774.00840338034 20473.45766604424 20172.90692870814 19623.371808200347 19322.821070864247 19022.270333528148 18721.719596192048 18421.16885885595 18296.6766672701 17820.06738418375 17270.532263675956 16969.981526339856 16669.430789003756 16368.880051667653 15819.344931159862 15518.79419382376 14969.259073315969 14668.708335979867 14368.157598643766 14067.606861307664 13767.056123971563 13466.505386635461 13165.95464929936 12865.403911963258 12315.868791455467 12015.318054119365 11714.767316783264 11414.216579447162 11113.66584211106 10813.115104774959 10263.579984267168 9963.029246931066 9662.478509594965 9361.927772258863 9061.377034922762
-9999 -9999 -9999 -9999 -9999 -9999 -9999 -9999 -9999 -9999 -9999 -9999 -9999 -9999 -9999 -9999 22967.8769887601 22667.326251424 22366.7755140879 22242.283322502055 22117.79113091621 21993.29893933036 22117.79113091621 19515.967203220127 21199.051332302286 20898.500594966186 20099.9810912867 19799.4303539506 19498.8796166145 19198.3288792784 18897.7781419423 18597.2274046062 18296.6766672701 17996.125929934 17695.575192597902 17395.024455261802 16845.48933475401 16544.93859741791 16244.387860081808 15943.837122745706 15394.302002237915 15093.751264901814 14793.200527565712 14243.66540705792 13943.11466972182 13642.563932385718 13342.013195049616 13041.462457713515 12740.911720377413 12440.360983041312 12139.81024570521 11839.259508369109 11538.708771033007 11238.158033696905 10688.622913189114 10388.072175853013 10087.521438516911 9786.97070118081 9486.419963844708 8936.884843336917
-9999 -9999 -9999 -9999 -9999 -9999 -9999 -9999 -9999 -9999 -9999 -9999 -9999 -9999 -9999 -9999 -9999 22967.8769887601 22667.326251424 22542.834059838155 22418.341868252308 22293.84967666646 22418.341868252308 21624.094261224232 21499.602069638382 20950.06694913059 20649.51621179449 19674.938162364753 19374.387425028654 19073.836687692554 18773.285950356454 18472.735213020354 18172.184475684255 17871.633738348155 17571.083001012055 17270.532263675956 16969.981526339856 16420.446405832063 16119.895668495963 15819.344931159862 15518.79419382376 15218.243456487658 15093.751264901812 14368.157598643766 13818.622478135974 13518.071740799873 13217.521003463771 12916.97026612767 12616.419528791568 12315.868791455467 12015.318054119365 11714.767316783264 11414.216579447162 11113.66584211106 10813.115104774959 10512.564367438858 10212.013630102756 10087.52143851691 9786.970701180808 9061.377034922762
-9999 -9999 -9999 -9999 -9999 -9999 -9999 -9999 -9999 -9999 -9999 -9999 -9999 -9999 -9999 -9999 -9999 23268.4277260962 22967.8769887601 22843.384797174254 22718.892605588408 22843.384797174254 21976.211352724735 21675.660615388635 21375.109878052535 21074.559140716436 20525.024020208642 20224.473282872543 19923.922545536443 19623.371808200343 19322.821070864244 19022.270333528144 18721.719596192044 18421.168858855945 17871.63373834815 17146.04007209011 16845.48933475401 16544.93859741791 16244.387860081808 15943.837122745706 15643.286385409605 15518.794193823758 15394.302002237911 14243.66540705792 13943.11466972182 13642.563932385718 13342.013195049616 13041.462457713515 12740.911720377413 12440.360983041312 12139.81024570521 11839.259508369109 11538.708771033007 11238.158033696905 10937.607296360804 10637.056559024702 10688.62291318911 10388.072175853009 10087.521438516907 9185.869226508607
-9999 -9999 -9999 -9999 -9999 -9999 -9999 -9999 -9999 -9999 -9999 -9999 -9999 -9999 -9999 -9999 -9999 -9999 23268.4277260962 23143.935534510354 23268.4277260962 23143.935534510354 22100.70354431058 21551.16842380279 21250.61768646669 20950.06694913059 20649.51621179449 20348.96547445839 20048.41473712229 19747.86399978619 20224.47328287254 19923.92254553644 19623.37180820034 18296.676667270098 17996.125929933998 17446.590809426205 17146.040072090105 16845.489334754006 16544.938597417906 16244.387860081806 15943.837122745705 15819.344931159858 14668.708335979867 14544.21614439402 14067.606861307664 13767.056123971563 13466.505386635461 13165.95464929936 12865.403911963258 12564.853174627156 12264.302437291055 11963.751699954953 11663.200962618852 11362.65022528275 11062.099487946649 11113.665842111057 10813.115104774955 10512.564367438854 10388.072175853007 8602.0071356158
-9999 -9999 -9999 -9999 -9999 -9999 -9999 -9999 -9999 -9999 -9999 -9999 -9999 -9999 -9999 -9999 -9999 23693.470655018147 23568.9784634323 23693.470655018147 23568.9784634323 22525.746473232528 22753.371373147183 22452.820635811084 22152.269898474984 21851.719161138884 21551.168423802785 21250.617686466685 20950.066949130585 20649.516211794486 20348.965474458386 19799.430353950593 19498.879616614493 19198.328879278393 17871.63373834815 17571.08300101205 17270.532263675952 17146.040072090105 16845.489334754006 16544.938597417906 16244.387860081804 16119.895668495958 14969.259073315967 14492.64979022961 14192.099052893509 13891.548315557407 14265.02489031494 13539.431224056894 12989.896103549103 12689.345366213001 12388.7946288769 12088.243891540798 11787.693154204697 11487.142416868595 11362.650225282749 11238.158033696902 10937.6072963608 10813.115104774954 9027.050064537747 8632.062209349411
-9999 -9999 -9999 -9999 -9999 -9999 -9999 -9999 -9999 -9999 -9999 -9999 -9999 -9999 -9999 -9999 -9999 -9999 23869.5292007684 23994.021392354247 22950.789402154474 23427.398685240823 23126.847947904724 22826.297210568624 22276.76209006083 21976.21135272473 21675.66061538863 21375.10987805253 21074.559140716432 20525.02402020864 20224.47328287254 19674.938162364746 19374.387425028646 19073.836687692547 18773.285950356447 18472.735213020347 18172.184475684247 17871.633738348148 17571.083001012048 17446.5908094262 16720.997143168155 16420.446405832055 15342.735648073502 15042.1849107374 14741.634173401299 14441.083436065197 14140.532698729096 13839.981961392994 13114.388295134948 12813.837557798846 12689.345366213 12388.794628876898 12088.243891540797 11787.693154204695 11663.200962618848 11362.650225282747 11238.1580336969 11113.665842111053 9327.600801873847 8756.554400935256
-9999 -9999 -9999 -9999 -9999 -9999 -9999 -9999 -9999 -9999 -9999 -9999 -9999 -9999 -9999 -9999 -9999 -9999 24878.586017756916 24152.99235149887 23852.44161416277 23302.906493654977 23002.355756318877 22701.805018982777 22401.254281646678 22100.703544310578 21800.152806974478 21499.60206963838 20950.066949130585 20400.531828622792 20099.981091286692 19799.430353950593 19498.879616614493 19198.328879278393 18897.778141942294 18597.227404606194 18296.676667270094 17747.1415467623 17446.5908094262 17146.0400720901 16845.489334754002 16720.997143168155 15467.227839659347 15166.677102323245 14866.126364987143 14565.575627651042 14016.04050714325 13715.489769807149 13414.939032471048 13114.388295134946 12813.837557798845 12513.286820462743 12212.736083126641 12088.243891540795 11963.751699954948 12088.243891540795 11538.708771033 11414.216579447153 9628.151539209946 8881.046592521103
-9999 -9999 -9999 -9999 -9999 -9999 -9999 -9999 -9999 -9999 -9999 -9999 -9999 -9999 -9999 -9999 -9999 -9999 24578.035280420816 24277.484543084716 19649.15498528255 19348.60424794645 19048.05351061035 18747.50277327425 18446.95203593815 18146.40129860205 17845.85056126595 17545.299823929847 17244.749086593747 20774.008403380332 20224.47328287254 19923.92254553644 19623.37180820034 19322.82107086424 19022.27033352814 18472.735213020347 18172.184475684247 17871.633738348148 17571.083001012048 17270.53226367595 17146.0400720901 17021.547880504255 15767.778576995446 15291.16929390909 14990.618556572988 14441.083436065197 14140.532698729096 13839.981961392994 13539.431224056892 13238.880486720791 12938.32974938469 12637.779012048588 12513.286820462741 12388.794628876894 12264.302437291048 12388.794628876894 11839.2595083691 11714.767316783253 9306.08952144305 9005.538784106948
-9999 -9999 -9999 -9999 -9999 -9999 -9999 -9999 -9999 -9999 -9999 -9999 -9999 -9999 -9999 -9999 -9999 -9999 24878.586017756916 24578.035280420816 19949.705722618648 19473.096439532295 19172.545702196196 18623.010581688402 18322.459844352303 18021.909107016203 17721.358369680103 17420.807632344004 17120.2568950079 16819.7061576718 20348.965474458386 20048.414737122286 19747.863999786186 19447.313262450087 18897.778141942294 18597.227404606194 18296.676667270094 17996.125929933994 17871.633738348148 17571.083001012048 17446.5908094262 17322.098617840355 15467.227839659347 15166.677102323245 14866.126364987143 14565.575627651042 14265.02489031494 13964.474152978839 13663.923415642737 13539.43122405689 13238.88048672079 12938.329749384688 13238.88048672079 12689.345366212994 12564.853174627147 12689.345366212994 12139.8102457052 12015.318054119352 9430.581713028894 9130.030975692793
-9999 -9999 -9999 -9999 -9999 -9999 -9999 -9999 -9999 -9999 -9999 -9999 -9999 -9999 -9999 -9999 -9999 -9999 25179.136755093015 25303.628946678862 19898.139368454238 20022.63156004008 19722.08082270398 19421.530085367882 19120.979348031782 17897.416915430356 17596.866178094257 17296.315440758157 16995.764703422057 16695.213966085954 16394.663228749854 16094.11249141375 19872.356191372033 19322.82107086424 19022.27033352814 18721.71959619204 18421.16885885594 18296.676667270094 18172.184475684247 17871.633738348148 17747.1415467623 16317.313697503238 15591.720031245191 15291.16929390909 14990.618556572988 14690.067819236887 14565.57562765104 14088.966344564684 13964.474152978837 13839.98196139299 13363.372678306634 13238.880486720787 13363.372678306634 13165.954649299349 12865.403911963247 13165.954649299349 13466.50538663545 10280.667570872787 9980.116833536686 9254.52316727864
-9999 -9999 -9999 -9999 -9999 -9999 -9999 -9999 -9999 -9999 -9999 -9999 -9999 -9999 -9999 -9999 -9999 -9999 25479.687492429115 20997.20960946982 19773.64717686839 19473.09643953229 19597.588631118135 19297.037893782035 18996.487156445935 18695.936419109836 18395.385681773736 17171.82324917231 16871.27251183621 16570.72177450011 16270.171037164007 15969.620299827906 15669.069562491804 15368.518825155703 15067.968087819601 14767.4173504835 14466.866613147398 14166.315875811297 13865.765138475195 13565.214401139094 13440.722209553247 12964.11292646689 15892.270768581291 15591.72003124519 15291.169293909088 14990.618556572987 14514.00927348663 14389.517081900784 14265.024890314937 14140.53269872909 13663.923415642734 13539.431224056887 13590.997578221295 13290.446840885194 13165.954649299347 13466.505386635448 11212.374856614691 10156.175379286942 9855.62464195084 9555.07390461474
-9999 -9999 -9999 -9999 -9999 -9999 -9999 -9999 -9999 -9999 -9999 -9999 -9999 -9999 -9999 -9999 -9999 -9999 21173.268155220074 20872.717417883974 20572.166680547874 19348.604247946445 19048.053510610345 18747.502773274246 18446.952035938146 18571.44422752399 18270.89349018789 17970.34275285179 16746.780320250364 16446.229582914264 16145.678845578163 15845.128108242061 15544.57737090596 15244.026633569858 14943.475896233756 14642.925158897655 14342.374421561553 14041.823684225452 13741.27294688935 13440.722209553249 13140.171472217147 12839.620734881046 12539.069997544944 12238.519260208843 12114.027068622996 14939.052202408577 14814.56001082273 14690.067819236883 14565.575627651036 14088.96634456468 13964.474152978833 14016.040507143241 13715.48976980714 13590.997578221293 13466.505386635446 10787.331927692745 10911.824119278592 11308.581451997 11008.0307146609 9679.566096200584
-9999 -9999 -9999 -9999 -9999 -9999 -9999 -9999 -9999 -9999 -9999 -9999 -9999 -9999 -9999 -9999 -9999 -9999 21048.775963634227 20748.225226298127 20447.674488962028 20147.123751625928 19846.57301428983 18623.0105816884 18322.4598443523 18021.9091070162 18146.401298602043 17845.850561265943 17545.299823929843 16995.76470342205 16695.21396608595 16394.66322874985 16094.112491413749 15368.518825155703 15067.968087819601 14767.4173504835 14466.866613147398 13917.331492639607 13616.780755303505 13316.230017967404 13015.679280631302 12715.1285432952 12414.5778059591 12114.027068622998 11813.476331286896 11512.925593950795 11388.433402364948 11263.941210779101 10787.331927692745 10662.839736106898 10362.288998770799 10237.796807184952 10113.304615599105 10237.796807184952 10362.288998770799 10486.781190356645 10611.273381942492 11008.030714660901 10883.538523075054 10582.987785738953
-9999 -9999 -9999 -9999 -9999 -9999 -9999 -9999 -9999 -9999 -9999 -9999 -9999 -9999 -9999 -9999 -9999 -9999 20924.28377204838 20623.73303471228 20323.18229737618 20022.63156004008 19722.08082270398 19421.530085367882 19120.979348031782 17897.416915430353 17596.866178094253 17296.315440758153 16995.764703422054 17120.256895007897 16819.706157671797 16519.155420335697 15969.620299827904 15669.069562491803 15368.518825155701 14891.909542069345 14591.358804733243 14041.823684225452 13741.27294688935 13440.722209553249 12891.187089045457 12590.636351709356 12290.085614373254 11989.534877037153 11688.984139701051 11388.43340236495 11087.882665028848 10963.390473443002 10486.781190356645 10362.288998770799 10237.796807184952 9937.246069848852 9812.753878263005 9937.246069848852 10061.738261434699 10186.230453020546 10061.738261434697 10883.538523075056 10582.987785738955 10458.495594153108
-9999 -9999 -9999 -9999 -9999 -9999 -9999 -9999 -9999 -9999 -9999 -9999 -9999 -9999 -9999 -9999 -9999 20924.283772048395 20623.73303471229 20675.29938887669 20374.74865154059 20074.19791420449 19597.588631118135 19297.037893782035 18996.487156445935 18695.936419109836 18395.385681773736 18094.834944437636 16871.272511836207 16570.721774500107 16270.171037164007 15969.620299827906 15669.069562491804 15368.518825155703 15067.968087819601 14767.4173504835 14466.866613147398 14166.315875811297 13865.765138475195 13316.230017967404 13015.679280631302 12715.1285432952 12414.5778059591 11688.984139701053 11388.433402364952 11087.88266502885 10787.331927692749 10662.839736106902 10538.347544521055 10061.738261434699 9937.246069848852 9812.753878263005 9512.203140926906 9636.695332512752 9761.1875240986 9636.69533251275 9087.160212004957 8860.053580059697 10458.49559415311 10157.944856817008
-9999 -9999 -9999 -9999 -9999 -9999 -9999 -9999 -9999 -9999 -9999 -9999 -9999 -9999 -9999 -9999 -9999 21224.834509384495 20499.24084312645 20198.690105790345 20250.256459954744 19949.705722618644 19649.154985282545 19172.54570219619 18871.99496486009 18571.44422752399 18270.89349018789 17970.34275285179 17669.79201551569 17369.24127817959 17244.749086593743 17120.256895007897 15544.57737090596 15244.026633569858 14943.475896233756 14642.925158897655 14342.374421561553 14041.823684225452 13741.27294688935 13440.722209553249 13140.171472217147 12839.620734881046 11865.04268545131 11564.491948115208 11263.941210779107 10963.390473443005 10662.839736106904 10362.288998770802 10237.796807184955 9761.1875240986 9636.695332512752 9512.203140926906 9211.652403590806 9336.144595176653 9211.652403590804 8911.101666254704 8786.609474668858 8559.502842723597 10334.003402567265 10033.452665231163
-9999 -9999 -9999 -9999 -9999 -9999 -9999 -9999 -9999 -9999 -9999 -9999 -9999 -9999 -9999 -9999 -9999 21100.342317798648 20799.791580462548 20074.197914204502 19773.6471768684 19649.15498528255 19348.60424794645 19224.1120563606 18923.5613190245 18623.0105816884 18322.4598443523 18021.9091070162 17721.3583696801 17596.866178094253 16944.198349257644 16819.706157671797 16695.21396608595 15368.518825155703 15918.053945663492 15617.50320832739 14466.866613147398 14166.315875811297 15067.968087819596 14943.47589623375 14818.983704647902 12041.101231201566 11740.550493865465 11439.999756529363 11139.449019193262 10838.89828185716 10538.347544521059 10237.796807184957 9937.246069848856 9636.695332512754 9336.144595176653 9211.652403590806 8911.101666254706 8786.609474668858 8486.058737332758 8610.550928918605 8486.058737332758 8258.952105387498 7958.401368051396 8117.220530022261
-9999 -9999 -9999 -9999 -9999 -9999 -9999 -9999 -9999 -9999 -9999 -9999 -9999 -9999 -9999 -9999 -9999 20799.791580462548 20499.24084312645 20374.7486515406 19649.154985282556 19348.604247946452 19224.112056360602 18923.561319024502 18623.010581688402 18322.459844352303 18021.909107016203 17721.358369680103 17596.866178094253 17296.315440758153 17171.823249172307 16519.155420335697 16394.66322874985 16270.171037164004 15793.561754077647 15493.011016741546 15192.460279405444 15067.968087819598 14767.417350483496 14642.92515889765 14518.432967311803 14393.940775725956 11616.05830227962 11315.507564943518 11014.956827607417 10714.406090271315 10413.855352935214 10113.304615599112 9812.75387826301 9512.20314092691 9211.652403590808 8911.101666254706 8610.550928918607 8486.058737332758 8185.507999996658 8061.015808410812 8185.507999996658 7958.401368051398 7657.850630715297 7533.35843912945
-9999 -9999 -9999 -9999 -9999 -9999 -9999 -9999 -9999 -9999 -9999 -9999 -9999 -9999 -9999 -9999 -9999 20675.2993888767 20374.7486515406 20074.197914204502 19524.66279369671 19224.11205636061 18923.561319024506 18623.010581688406 18498.518390102556 18197.967652766456 17897.416915430356 17596.866178094257 17296.315440758157 17171.823249172307 16871.272511836207 16570.721774500107 16094.11249141375 15969.620299827904 15493.011016741548 15368.518825155701 15067.9680878196 14767.417350483498 14642.925158897651 14342.37442156155 14217.882229975703 14093.390038389856 13968.89784680401 11439.999756529363 11139.449019193262 10838.89828185716 10289.363161349369 9988.812424013267 9688.261686677166 9387.710949341064 9087.160212004963 8786.609474668861 8486.05873733276 8185.507999996659 7884.957262660559 7760.465071074712 7958.401368051398 7833.909176465551 7533.358439129452 7232.80770179335
-9999 -9999 -9999 -9999 -9999 -9999 -9999 -9999 -9999 -9999 -9999 -9999 -9999 -9999 -9999 -9999 -9999 -9999 20250.256459954755 19949.705722618655 19649.154985282556 19099.619864774762 18799.069127438663 18747.502773274253 18197.96765276646 17897.41691543036 17596.866178094257 17296.315440758157 16995.764703422057 16871.27251183621 16995.764703422057 16446.22958291426 16145.67884557816 15669.069562491804 15192.460279405448 15067.968087819601 14767.4173504835 14642.925158897653 14342.374421561552 14041.82368422545 13917.331492639603 13792.839301053757 13668.34710946791 12590.636351709354 12715.1285432952 10714.406090271315 10413.855352935214 10113.304615599112 9812.75387826301 9512.20314092691 9211.652403590808 8911.101666254706 8786.60947466886 7884.9572626605595 7584.406525324459 7459.914333738612 7657.850630715299 7533.358439129452 7232.807701793352 6932.25696445725
-9999 -9999 -9999 -9999 -9999 -9999 -9999 -9999 -9999 -9999 -9999 -9999 -9999 -9999 -9999 -9999 -9999 -9999 -9999 19825.21353103281 19524.66279369671 19224.11205636061 18674.576935852816 18374.026198516716 18322.459844352306 17772.924723844513 17472.373986508414 17171.823249172314 16871.272511836214 16570.72177450011 16446.229582914264 16570.72177450011 16446.229582914264 15720.635916656214 15244.026633569858 14767.417350483502 14466.8666131474 14342.374421561553 14041.823684225452 13917.331492639605 13616.780755303504 13492.288563717657 13367.79637213181 12290.085614373254 11989.534877037153 11865.042685451306 11564.491948115205 10237.796807184957 9937.246069848856 9636.695332512754 9512.203140926908 9211.652403590806 8310.000191582507 7760.465071074714 7459.914333738613 7159.3635964025125 7034.871404816666 7232.807701793353 6932.256964457252 6631.706227121152
-9999 -9999 -9999 -9999 -9999 -9999 -9999 -9999 -9999 -9999 -9999 -9999 -9999 -9999 -9999 -9999 -9999 -9999 -9999 19949.705722618655 19400.170602110862 19099.619864774762 18799.069127438663 18249.53400693087 17948.98326959477 17648.43253225867 17347.88179492257 17047.33105758647 16746.780320250367 16446.229582914268 16145.678845578164 16021.186653992318 16145.678845578164 15420.085179320115 14943.475896233758 14818.983704647912 14342.374421561555 14041.823684225454 13741.272946889352 13616.780755303505 13492.288563717659 13191.737826381557 13067.24563479571 11989.534877037155 11688.984139701053 11564.491948115206 11439.99975652936 11139.449019193258 11014.956827607411 10714.40609027131 9636.695332512752 8735.043120504453 7936.5236168249685 7635.972879488868 7335.422142152767 7034.871404816667 6734.320667480566 6704.265593746956 6674.2105200133465 7026.694082309488
-9999 -9999 -9999 -9999 -9999 -9999 -9999 -9999 -9999 -9999 -9999 -9999 -9999 -9999 -9999 -9999 -9999 -9999 -9999 -9999 19524.66279369671 18975.127673188916 18674.576935852816 18374.026198516716 17824.491078008923 17523.940340672823 17223.389603336724 16922.838866000624 16622.288128664524 16321.737391328421 16021.18665399232 15720.635916656218 15596.143725070371 15720.635916656218 14995.042250398168 14518.432967311812 14393.940775725965 13917.331492639609 13616.780755303507 13316.230017967406 13191.737826381559 13067.245634795712 12766.69489745961 11865.04268545131 11564.491948115208 11263.941210779107 11139.44901919326 10838.898281857159 10714.406090271312 10413.85535293521 10289.363161349364 9988.812424013262 8061.015808410814 7760.465071074714 7459.914333738613 7159.3635964025125 7034.871404816666 7004.816331083055 6974.761257349446 7421.681937497825
-9999 -9999 -9999 -9999 -9999 -9999 -9999 -9999 -9999 -9999 -9999 -9999 -9999 -9999 -9999 -9999 -9999 -9999 -9999 -9999 19400.170602110862 19099.619864774762 18550.08474426697 18249.53400693087 17948.98326959477 17399.448149086977 17098.897411750877 16798.346674414777 16497.795937078678 16197.245199742576 15896.694462406474 15596.143725070373 15295.592987734271 15171.100796148425 14870.550058812323 14569.999321476222 14093.390038389865 13968.897846804019 13492.288563717662 13191.73782638156 12891.18708904546 12766.694897459613 12466.144160123511 11989.534877037155 11439.999756529363 11139.449019193262 10838.89828185716 10538.347544521059 10413.855352935212 10113.30461559911 9988.812424013264 9688.261686677162 9387.71094934106 7884.9572626605595 7584.406525324459 7459.914333738612 7335.422142152765 7305.367068419155 7275.311994685546 7722.232674833924
-9999 -9999 -9999 -9999 -9999 -9999 -9999 -9999 -9999 -9999 -9999 -9999 -9999 -9999 -9999 -9999 -9999 -9999 -9999 -9999 -9999 18975.127673188916 18674.576935852816 18125.041815345023 17824.491078008923 17523.940340672823 17223.389603336724 16673.854482828934 16373.303745492833 16072.753008156731 15772.20227082063 15471.651533484528 15171.100796148427 14870.550058812325 14569.999321476223 14269.448584140122 13968.89784680402 13668.347109467919 13367.796372131817 13067.245634795716 12766.694897459614 12466.144160123513 12165.593422787411 11865.04268545131 11564.491948115208 11014.956827607417 10714.406090271315 10413.855352935214 10113.304615599112 9812.75387826301 9688.261686677164 9387.710949341063 9087.160212004961 8009.449454246405 7884.957262660559 7760.465071074712 7635.972879488865 7700.354923607492 7575.862732021646 8022.783412170023
-9999 -9999 -9999 -9999 -9999 -9999 -9999 -9999 -9999 -9999 -9999 -9999 -9999 -9999 -9999 -9999 -9999 -9999 -9999 -9999 -9999 -9999 18550.08474426697 18249.53400693087 17948.98326959477 17399.448149086977 17098.897411750877 16798.346674414777 16497.795937078678 16197.245199742576 15896.694462406474 15596.143725070373 15046.608604562582 14746.05786722648 14445.507129890379 14144.956392554277 13844.405655218176 13543.854917882074 13243.304180545972 12942.753443209871 12642.20270587377 12341.651968537668 12041.101231201566 11740.550493865465 11439.999756529363 11139.449019193262 10838.89828185716 10538.347544521059 10237.796807184957 9688.261686677166 9387.710949341064 9087.160212004963 8786.609474668861 8486.05873733276 8185.507999996658 10310.356173810756 10009.805436474655 9885.313244888808 9760.821053302961 9885.313244888808
