resources/Input/width_10.asc
NCOLS 173
NROWS 271
XLLCORNER 370028.416175232
YLLCORNER 7467393.285087761
CELLSIZE 30.055073733610097
NODATA_VALUE -9999
[rows 216 to 242 of 271, columns 0 to 59 of 173]
-9999 -9999 -9999 -9999 -9999 -9999 -9999 -9999 -9999 -9999 -9999 -9999 -9999 -9999 -9999 -9999 -9999 -9999 -9999 -9999 -9999 -9999 -9999 18125.041815345023 17824.491078008923 17523.940340672823 17223.389603336724 16922.838866000624 16622.288128664524 16072.753008156731 15772.20227082063 15471.651533484528 15171.100796148427 14870.550058812325 14569.999321476223 14269.448584140122 13968.89784680402 13668.347109467919 13367.796372131817 13067.245634795716 12766.694897459614 12466.144160123513 12165.593422787411 11865.04268545131 11564.491948115208 11263.941210779107 11139.44901919326 10838.898281857159 10538.347544521057 9812.75387826301 9688.261686677164 9387.710949341063 9087.160212004961 8786.60947466886 10486.414719561013 10185.863982224912 9885.31324488881 9584.762507552708 9460.270315966862 9584.762507552708
-9999 -9999 -9999 -9999 -9999 -9999 -9999 -9999 -9999 -9999 -9999 -9999 -9999 -9999 -9999 -9999 -9999 -9999 -9999 -9999 -9999 -9999 -9999 -9999 17699.998886423076 17399.448149086977 17098.897411750877 16798.346674414777 16497.795937078678 16197.245199742576 15896.694462406474 15596.143725070373 15295.592987734271 14995.04225039817 14694.491513062068 14393.940775725967 14093.390038389865 13792.839301053764 13492.288563717662 13191.73782638156 12891.18708904546 12590.636351709358 12290.085614373256 11989.534877037155 11688.984139701053 11564.491948115206 11439.99975652936 10963.390473443003 10237.796807184957 10113.30461559911 9812.753878263009 9688.261686677162 9387.71094934106 10134.297628060505 10009.805436474659 10061.371790639067 9760.821053302965 9460.270315966864 9159.719578630762 8477.881414825582
-9999 -9999 -9999 -9999 -9999 -9999 -9999 -9999 -9999 -9999 -9999 -9999 -9999 -9999 -9999 -9999 -9999 -9999 -9999 -9999 -9999 -9999 -9999 -9999 -9999 17523.940340672823 17223.389603336724 16922.838866000624 16622.28812866452 16321.737391328421 16021.18665399232 15720.635916656218 15420.085179320116 15119.534441984015 14818.983704647913 14518.432967311812 14217.88222997571 13917.331492639609 13616.780755303507 13316.230017967406 13015.679280631304 12715.128543295203 12414.577805959101 12114.027068623 11989.534877037153 11865.042685451306 11740.55049386546 10662.839736106904 10538.347544521057 10237.796807184955 10113.304615599109 9988.812424013262 10310.356173810762 10009.80543647466 9709.254699138559 9584.762507552712 9284.21177021661 9159.719578630764 8859.168841294662 8353.389223239737
-9999 -9999 -9999 -9999 -9999 -9999 -9999 -9999 -9999 -9999 -9999 -9999 -9999 -9999 -9999 -9999 -9999 -9999 -9999 -9999 -9999 -9999 -9999 -9999 -9999 18665.14840378497 18188.539120698617 17047.331057586467 16746.780320250367 16446.229582914268 16145.678845578164 15845.128108242063 15544.577370905961 15493.01101674155 15192.460279405448 14891.909542069347 14591.358804733245 14041.823684225454 13741.272946889352 13440.72220955325 13140.17147221715 12839.620734881048 12539.069997544946 12414.5778059591 12290.085614373253 12165.593422787406 12041.10123120156 10963.390473443003 10662.839736106902 10538.347544521055 10413.855352935208 10289.363161349362 10009.805436474662 9709.25469913856 9584.762507552714 9284.211770216612 9159.719578630766 8859.168841294664 8558.618103958563 8477.881414825582
-9999 -9999 -9999 -9999 -9999 -9999 -9999 -9999 -9999 -9999 -9999 -9999 -9999 -9999 -9999 -9999 -9999 -9999 -9999 -9999 -9999 -9999 -9999 -9999 -9999 18364.59766644887 18064.04692911277 17763.49619177667 17639.004000190824 16570.72177450011 16270.17103716401 15969.620299827908 15845.128108242061 15617.503208327395 15067.968087819603 14767.417350483502 14466.8666131474 14166.315875811299 13865.765138475197 13565.214401139096 13264.663663802994 13140.171472217147 12839.620734881046 12715.128543295199 12590.636351709352 12715.128543295199 11555.063416047362 11430.571224461515 11306.079032875668 10838.898281857155 10352.860466702956 10228.368275117109 9927.817537781008 9584.762507552716 9284.211770216614 8983.661032880513 8859.168841294666 8558.618103958564 8258.067366622463 8353.389223239737
-9999 -9999 -9999 -9999 -9999 -9999 -9999 -9999 -9999 -9999 -9999 -9999 -9999 -9999 -9999 -9999 -9999 -9999 -9999 -9999 -9999 -9999 -9999 -9999 -9999 18240.105474863023 17939.554737526923 17639.004000190824 17338.453262854724 17213.961071268877 16394.663228749854 16270.171037164007 16042.546137249341 15493.01101674155 15192.460279405448 14891.909542069347 14591.358804733245 14290.808067397144 13990.257330061042 13689.70659272494 13565.214401139094 13440.722209553247 13565.214401139094 13015.679280631299 12031.67269913372 11731.121961797618 11430.571224461517 11130.020487125415 11005.528295539569 10881.036103953722 10404.426820867366 9927.81753778101 9803.325346195163 9502.774608859061 9202.22387152296 8859.168841294668 8558.618103958566 8258.067366622465 7957.516629286364 7833.0244377005165
-9999 -9999 -9999 -9999 -9999 -9999 -9999 -9999 -9999 -9999 -9999 -9999 -9999 -9999 -9999 -9999 -9999 -9999 -9999 -9999 -9999 -9999 -9999 -9999 18416.164020613276 18115.613283277176 17815.062545941077 17514.511808604977 17213.961071268877 16913.410333932778 16612.859596596678 16312.308859260575 16187.816667674728 15617.503208327395 15316.952470991293 15016.401733655191 14715.85099631909 14591.358804733243 14384.512243658119 14260.020052072272 14135.527860486425 13409.934194228379 13109.383456892278 12808.832719556176 12684.34052797033 11606.629770211774 11306.079032875672 11005.52829553957 10704.977558203469 10580.485366617622 10103.876083531266 9979.38389194542 9502.774608859063 9378.282417273216 9077.731679937115 8777.180942601013 8434.12591237272 8133.575175036619 7833.024437700518 7532.473700364418
-9999 -9999 -9999 -9999 -9999 -9999 -9999 -9999 -9999 -9999 -9999 -9999 -9999 -9999 -9999 -9999 -9999 -9999 -9999 -9999 -9999 -9999 -9999 -9999 18965.69914112107 18240.105474863023 17939.554737526923 17639.004000190824 17338.453262854724 16788.91814234693 16488.36740501083 16187.81666767473 15887.265930338628 15586.715193002527 15286.164455666425 15161.672264080578 14685.062980994222 14384.51224365812 14083.961506322019 13959.469314736172 13834.977123150325 13109.38345689228 12808.832719556178 12508.281982220076 12383.78979063423 11482.137578625929 11181.586841289827 10881.036103953726 10580.485366617624 10279.934629281523 9979.383891945421 9678.83315460932 9378.282417273218 9077.731679937116 8777.180942601015 8652.688751015168 8352.138013679067 8051.587276342967 7751.0365390068655 7407.981508778572
-9999 -9999 -9999 -9999 -9999 -9999 -9999 -9999 -9999 -9999 -9999 -9999 -9999 -9999 -9999 -9999 -9999 -9999 -9999 -9999 -9999 -9999 -9999 -9999 18665.14840378497 18364.59766644887 18064.04692911277 17514.511808604977 17213.961071268877 17089.46887968303 16363.875213424986 16063.324476088885 15762.773738752783 15462.223001416682 15161.67226408058 14861.121526744479 14560.570789408377 14260.020052072276 13959.469314736174 13658.918577400073 13534.426385814226 12808.83271955618 12508.281982220078 12383.789790634231 12083.23905329813 11606.629770211774 11057.094649703982 10756.54391236788 10455.99317503178 10155.442437695678 9854.891700359576 9554.340963023475 9253.790225687373 8953.239488351272 8652.68875101517 8352.138013679069 8051.587276342968 7751.036539006867 7450.485801670767 7149.935064334666
-9999 -9999 -9999 -9999 -9999 -9999 -9999 -9999 -9999 -9999 -9999 -9999 -9999 -9999 -9999 -9999 -9999 -9999 -9999 -9999 -9999 -9999 -9999 -9999 18965.69914112107 18665.14840378497 18364.59766644887 17639.004000190824 17514.511808604977 16788.918142346934 16239.383021839141 15938.83228450304 15638.281547166938 15337.730809830837 15037.180072494735 14736.629335158634 14436.078597822532 14135.52786048643 13834.97712315033 13534.426385814228 13233.875648478126 12684.340527970335 12383.789790634233 12083.239053298132 11782.68831596203 11482.137578625929 11181.586841289827 10881.036103953726 10580.485366617624 10279.934629281523 9979.383891945421 9678.83315460932 9378.282417273218 9077.731679937116 8777.180942601015 8476.630205264915 8352.138013679067 7875.528730592713 7574.9779932566125 6891.88861989076
-9999 -9999 -9999 -9999 -9999 -9999 -9999 -9999 -9999 -9999 -9999 -9999 -9999 -9999 -9999 -9999 -9999 -9999 -9999 -9999 -9999 -9999 -9999 -9999 19266.24987845717 18965.69914112107 18665.14840378497 17939.554737526923 17815.062545941077 16664.425950761088 16363.875213424986 16063.324476088885 15762.773738752783 15462.223001416682 15161.67226408058 14861.121526744479 14560.570789408377 14260.020052072276 13959.469314736174 13658.918577400073 13109.383456892281 12808.83271955618 12508.281982220078 12207.731244883977 11907.180507547875 11606.629770211774 11306.079032875672 11005.52829553957 10704.977558203469 10404.426820867367 10103.876083531266 9803.325346195164 9502.774608859063 9202.223871522961 8901.673134186862 8777.180942601015 8300.57165951466 8000.020922178559 6934.392912782955 7192.43935722686
-9999 -9999 -9999 -9999 -9999 -9999 -9999 -9999 -9999 -9999 -9999 -9999 -9999 -9999 -9999 -9999 -9999 -9999 -9999 -9999 -9999 -9999 -9999 -9999 -9999 19691.292807379115 18965.69914112107 18240.105474863023 17089.468879683034 16788.918142346934 16488.36740501083 16187.81666767473 15887.265930338628 15586.715193002527 15286.164455666425 14985.613718330324 14685.062980994222 14384.51224365812 14083.961506322019 13534.426385814228 13233.875648478126 12933.324911142025 12632.774173805923 12508.281982220076 12207.731244883975 11731.121961797618 11430.571224461517 11130.020487125415 10829.469749789314 10528.919012453212 10228.36827511711 9927.81753778101 9627.266800444908 9326.716063108808 9202.223871522961 8725.614588436607 8425.063851100505 8300.571659514659 6964.447986516565 7492.99009456296
-9999 -9999 -9999 -9999 -9999 -9999 -9999 -9999 -9999 -9999 -9999 -9999 -9999 -9999 -9999 -9999 -9999 -9999 -9999 -9999 -9999 -9999 -9999 -9999 -9999 19991.843544715215 19266.24987845717 17514.51180860498 17213.96107126888 16913.410333932778 16612.859596596678 16312.308859260575 16011.758121924473 15711.207384588371 15410.65664725227 15110.105909916168 14809.555172580067 14509.004435243965 13959.469314736174 13658.918577400073 13358.367840063971 13233.875648478124 12933.324911142023 12632.774173805921 11184.08926041116 10883.538523075058 11555.063416047362 11254.51267871126 10953.961941375159 10653.411204039057 10352.860466702956 10228.36827511711 9927.81753778101 9627.266800444908 9150.657517358553 8850.106780022452 7307.50301674486 7006.95227940876 7918.033023484906 7793.540831899059
-9999 -9999 -9999 -9999 -9999 -9999 -9999 -9999 -9999 -9999 -9999 -9999 -9999 -9999 -9999 -9999 -9999 -9999 -9999 -9999 -9999 -9999 -9999 -9999 -9999 -9999 20416.88647363716 17639.004000190827 17338.453262854724 17037.902525518624 16737.35178818252 16436.80105084642 16136.250313510318 15835.699576174216 15535.148838838115 15234.598101502013 14934.047364165912 14384.51224365812 14083.961506322019 13959.469314736172 13658.91857740007 13358.36784006397 13233.875648478122 11360.147806161416 11059.597068825315 10759.046331489213 10458.495594153112 10157.94485681701 11078.454132961004 10777.903395624902 10653.411204039057 10352.860466702956 10052.309729366854 9575.7004462805 8033.096683002907 7732.545945666807 7431.995208330706 7037.0073531423695 8218.583760821006 8094.091569235159
-9999 -9999 -9999 -9999 -9999 -9999 -9999 -9999 -9999 -9999 -9999 -9999 -9999 -9999 -9999 -9999 -9999 -9999 -9999 -9999 -9999 -9999 -9999 -9999 -9999 -9999 17942.057156648254 17641.506419312154 16988.838590475545 17162.394717104467 16861.843979768368 16561.293242432264 16260.742505096163 15960.191767760061 15659.64103042396 15359.090293087858 14809.555172580067 14685.06298099422 14384.512243658119 12686.842947091667 12386.292209755566 12085.741472419464 11785.190735083363 11484.639997747261 11184.08926041116 10883.538523075058 10334.003402567267 10033.452665231165 9732.901927895064 9432.351190558962 8882.81607005117 8582.26533271507 8281.714595378968 7981.163858042866 7680.613120706766 7380.062383370665 7079.511646034564 7337.558090478469 8519.134498157106 8394.642306571259
-9999 -9999 -9999 -9999 -9999 -9999 -9999 -9999 -9999 -9999 -9999 -9999 -9999 -9999 -9999 -9999 -9999 -9999 -9999 -9999 -9999 -9999 -9999 -9999 -9999 17765.998610898 17641.506419312154 17340.955681976055 16864.3463988897 16563.7956615536 16263.244924217495 15713.709803709704 15413.159066373602 16084.683959345906 15784.133222009805 15234.598101502013 13712.987350685817 13412.436613349715 13111.885876013614 12811.335138677512 12510.78440134141 12210.233664005309 11909.682926669208 11609.132189333106 11059.597068825315 10759.046331489213 10209.511210981422 9908.96047364532 9608.409736309219 9307.858998973117 9007.308261637016 8706.757524300914 8582.265332715067 8281.714595378966 7981.163858042864 7680.613120706764 7380.062383370663 7638.108827814569 11470.421301058595 10920.886180550804
-9999 -9999 -9999 -9999 -9999 -9999 -9999 -9999 -9999 -9999 -9999 -9999 -9999 -9999 -9999 -9999 -9999 -9999 -9999 -9999 -9999 -9999 -9999 -9999 -9999 17641.506419312154 17340.955681976055 17040.404944639955 16739.854207303855 16439.303469967752 16138.75273263165 15838.201995295549 15288.666874787757 14988.116137451656 14687.565400115554 14138.030279607763 13837.479542271662 13536.92880493556 13236.378067599459 12935.827330263357 12635.276592927255 12334.725855591154 12210.233664005307 11484.639997747261 11184.08926041116 10634.554139903368 10334.003402567267 10033.452665231165 9908.960473645318 9608.409736309217 9307.858998973115 9007.308261637014 8706.757524300912 8406.20678696481 8281.714595378964 7981.163858042863 7680.613120706763 11646.479846808852 11345.92910947275 11045.378372136649
-9999 -9999 -9999 -9999 -9999 -9999 -9999 -9999 -9999 -9999 -9999 -9999 -9999 -9999 -9999 -9999 -9999 -9999 -9999 -9999 -9999 -9999 -9999 -9999 -9999 17942.057156648254 17641.506419312154 16915.912753054108 16615.36201571801 16314.811278381907 16014.260541045805 15713.709803709704 15413.159066373602 15112.6083290375 14563.07320852971 14262.522471193608 13961.971733857506 13661.420996521405 13360.870259185303 13060.319521849202 12759.7687845131 12635.276592927254 11909.682926669208 11609.132189333106 11059.597068825315 10759.046331489213 10458.495594153112 10334.003402567265 10209.511210981418 9908.960473645317 9608.409736309215 9307.858998973114 9007.308261637012 8706.75752430091 8582.265332715064 8281.714595378962 12071.522775730798 11947.030584144952 11646.47984680885 11345.929109472749
-9999 -9999 -9999 -9999 -9999 -9999 -9999 -9999 -9999 -9999 -9999 -9999 -9999 -9999 -9999 -9999 -9999 -9999 -9999 -9999 -9999 -9999 -9999 -9999 18118.115702398507 17817.564965062407 17517.014227726308 17216.463490390208 16915.912753054108 16615.36201571801 15889.76834945996 15589.217612123859 15288.666874787757 14988.116137451656 14687.565400115554 14387.014662779453 14086.463925443351 13785.91318810725 13661.420996521403 13360.870259185302 13060.3195218492 12334.725855591154 12034.175118255052 11484.639997747261 11360.147806161414 11059.597068825313 10759.046331489211 10634.554139903365 10510.061948317518 10033.452665231162 9732.90192789506 9432.351190558958 9307.858998973112 9007.30826163701 8706.757524300909 12496.565704652745 12372.073513066898 12071.522775730797 11770.972038394695 11646.479846808848
-9999 -9999 -9999 -9999 -9999 -9999 -9999 -9999 -9999 -9999 -9999 -9999 -9999 -9999 -9999 -9999 -9999 -9999 -9999 -9999 -9999 -9999 -9999 -9999 18242.607893984354 17942.057156648254 17641.506419312154 17340.955681976055 17040.404944639955 16490.86982413216 16190.31908679606 15889.768349459959 15413.159066373602 15112.6083290375 14812.0575917014 14687.565400115553 14387.014662779451 14086.46392544335 13536.928804935558 13236.378067599457 12935.827330263355 12459.218047176999 11909.682926669208 11785.19073508336 11660.698543497514 11184.089260411158 11059.597068825311 10935.104877239464 10810.612685653618 10157.944856817006 9857.394119480905 9732.901927895058 9608.409736309211 9307.85899897311 9432.351190558957 12797.116441988845 12496.565704652743 12196.014967316642 12071.522775730795 11947.030584144948
-9999 -9999 -9999 -9999 -9999 -9999 -9999 -9999 -9999 -9999 -9999 -9999 -9999 -9999 -9999 -9999 -9999 -9999 -9999 -9999 -9999 -9999 -9999 18667.6508229063 18367.1000855702 18066.5493482341 17942.057156648254 17465.4478735619 16915.912753054108 16366.377632546317 16065.826895210215 15765.276157874114 15464.725420538012 15164.17468320191 14863.62394586581 14563.073208529708 14262.522471193606 13961.971733857505 13661.420996521403 13111.885876013612 12811.33513867751 12510.784401341409 12210.233664005307 12085.74147241946 11961.249280833614 12935.82733026335 12210.233664005304 11909.682926669202 11609.1321893331 11308.581451996999 11008.030714660898 10458.495594153106 10157.944856817005 9857.394119480903 13222.159370910791 13097.667179324944 12797.116441988843 12496.565704652741 12372.073513066895 12247.581321481048
-9999 -9999 -9999 -9999 -9999 -9999 -9999 -9999 -9999 -9999 -9999 -9999 -9999 -9999 -9999 -9999 -9999 -9999 -9999 -9999 -9999 -9999 -9999 18792.143014492147 18491.592277156047 18367.1000855702 17890.490802483848 17340.955681976055 16791.420561468265 16490.86982413216 16190.31908679606 15889.768349459959 15589.217612123857 15039.682491616066 14739.131754279964 14438.581016943863 14138.030279607761 13837.47954227166 13536.928804935558 13236.378067599457 12935.827330263355 13837.479542271656 13536.928804935555 13236.378067599453 12935.827330263352 12635.27659292725 12334.725855591149 11785.190735083357 11484.639997747256 11184.089260411154 10883.538523075053 10582.987785738951 10282.43704840285 10157.944856817003 13522.71010824689 13398.217916661044 13273.725725075197 12973.174987739096 12672.624250402994 12548.132058817147
-9999 -9999 -9999 -9999 -9999 -9999 -9999 -9999 -9999 -9999 -9999 -9999 -9999 -9999 -9999 -9999 -9999 -9999 -9999 -9999 -9999 -9999 19217.185943414093 18916.635206077994 18792.143014492147 18667.6508229063 18191.041539819948 17216.46349039021 16915.912753054108 16615.362015718005 16314.811278381905 16014.260541045804 15889.768349459957 15164.17468320191 15039.682491616064 14739.131754279962 14262.522471193606 13961.971733857505 15112.608329037495 14812.057591701394 14262.522471193603 13961.971733857501 13661.4209965214 13111.885876013608 12811.335138677507 12510.784401341405 12210.233664005304 11909.682926669202 11785.190735083355 11484.639997747254 11184.089260411152 10883.53852307505 10582.98778573895 10883.53852307505 11184.089260411152 13698.768653997144 13398.217916661042 13273.725725075195 12973.174987739094 12848.682796153247
-9999 -9999 -9999 -9999 -9999 -9999 -9999 -9999 -9999 -9999 -9999 -9999 -9999 -9999 -9999 -9999 -9999 -9999 -9999 -9999 -9999 -9999 -9999 19217.185943414093 19092.693751828247 18616.084468741894 18491.592277156047 17340.955681976055 17040.40494463995 16739.85420730385 16439.303469967752 16314.811278381903 15589.217612123857 15464.72542053801 15164.174683201909 14687.565400115553 14387.014662779451 14262.522471193604 15237.10052062334 14687.565400115549 14387.014662779447 13837.479542271656 13536.928804935555 13236.378067599453 12935.827330263352 12635.27659292725 12334.725855591149 12210.233664005302 11909.6829266692 11609.132189333099 11308.581451996997 11184.08926041115 10883.538523075049 11184.08926041115 11308.581451996997 13823.260845582989 13698.768653997142 13398.21791666104 13273.725725075194 13149.233533489347
-9999 -9999 -9999 -9999 -9999 -9999 -9999 -9999 -9999 -9999 -9999 -9999 -9999 -9999 -9999 -9999 -9999 -9999 -9999 -9999 -9999 -9999 -9999 19517.736680750193 19393.244489164346 18916.635206077994 17765.998610898 17465.447873561898 17164.897136225798 16864.3463988897 16739.85420730385 16014.260541045804 15889.768349459957 15589.217612123855 15112.608329037499 14988.116137451652 14687.56540011555 15662.143449545287 15537.65125795944 14812.057591701394 14262.522471193603 13961.971733857501 13661.4209965214 13360.870259185298 13236.378067599451 12935.82733026335 12635.276592927248 12510.784401341401 12210.2336640053 11733.624380918944 11609.132189333097 11308.581451996995 11184.089260411149 11484.63999774725 11609.132189333097 14123.811582919088 13999.319391333242 13698.76865399714 13574.276462411293 13698.76865399714
-9999 -9999 -9999 -9999 -9999 -9999 -9999 -9999 -9999 -9999 -9999 -9999 -9999 -9999 -9999 -9999 -9999 -9999 -9999 -9999 -9999 -9999 -9999 -9999 19942.77960967214 18191.041539819948 17890.490802483844 17589.940065147744 17289.389327811645 17164.897136225798 17040.40494463995 16314.811278381903 16014.260541045802 15537.651257959446 15413.159066373599 15112.608329037497 16087.186378467233 15962.694186881386 15237.10052062334 14687.565400115549 14387.014662779447 14086.463925443346 13961.9717338575 13661.420996521398 13360.870259185296 13060.319521849195 12935.827330263348 13060.319521849195 12510.7844013414 12034.175118255043 11733.624380918942 11609.132189333095 11484.639997747248 12034.175118255043 11909.682926669197 14424.362320255188 14299.870128669341 13999.31939133324 13874.827199747393 13999.31939133324
-9999 -9999 -9999 -9999 -9999 -9999 -9999 -9999 -9999 -9999 -9999 -9999 -9999 -9999 -9999 -9999 -9999 -9999 -9999 -9999 -9999 -9999 -9999 -9999 -9999 18315.53373140579 18014.98299406969 17890.490802483844 17589.940065147744 17465.447873561898 16739.85420730385 16439.30346996775 16314.811278381902 15838.201995295545 15537.651257959444 16512.22930738918 16387.737115803335 15662.143449545287 15112.608329037495 14988.116137451649 14511.506854365292 14387.014662779446 14086.463925443344 13961.971733857497 13661.420996521396 13360.870259185294 13485.362450771141 13360.870259185294 12811.3351386775 12935.827330263346 12459.21804717699 11909.682926669195 12459.21804717699 12334.725855591143 12210.233664005296 14724.913057591288 14849.405249177134 14299.87012866934 14175.377937083493 14299.87012866934
